1 0.21875 0.30390625 0.03046875 0.13125
1 0.15625 0.26484375 0.015625 0.04375
1 0.14765625 0.38046875 0.0421875 0.15703125
1 0.03046875 0.44609375 0.0609375 0.19453125
0 0.05234375 0.4890625 0.028125 0.05546875
1 0.23125 0.6953125 0.08046875 0.30859375
1 0.290625 0.30078125 0.02421875 0.0859375
1 0.30625 0.275 0.0265625 0.0765625
1 0.9 0.35 0.0265625 0.0625
1 0.8796875 0.3296875 0.025 0.053125
1 0.97734375 0.2703125 0.02890625 0.09375
1 0.76796875 0.2265625 0.01171875 0.0328125
1 0.775 0.2625 0.02421875 0.05703125
1 0.90234375 0.23359375 0.025 0.040625
1 0.07109375 0.32578125 0.0234375 0.07109375