1 0.421875 0.4277777777777779 0.3640625 0.4277777777777779 0.36406250000000007 0.6694444444444446 0.421875 0.6694444444444446
1 0.06406250000000004 0.3416666666666667 0.014062500000000023 0.3416666666666667 0.01406250000000003 0.5444444444444444 0.06406250000000005 0.5444444444444444
1 0.428125 0.23888888888888896 0.409375 0.23888888888888896 0.409375 0.29166666666666674 0.428125 0.29166666666666674
1 0.9796875 0.32222222222222247 0.9375 0.32222222222222247 0.9375 0.4222222222222224 0.9796875 0.4222222222222224
1 0.4875 0.2583333333333334 0.465625 0.2583333333333334 0.465625 0.3222222222222223 0.4875 0.3222222222222223
1 0.9921875 0.23333333333333356 0.9609375 0.23333333333333356 0.9609375 0.3194444444444447 0.9921875 0.3194444444444447
1 0.7625 0.2333333333333335 0.7421875 0.2333333333333335 0.7421875 0.28888888888888903 0.7625 0.28888888888888903
1 0.259375 0.21944444444444453 0.2375 0.21944444444444453 0.2375 0.31666666666666676 0.259375 0.31666666666666676
1 0.9359375 0.2805555555555558 0.9046875 0.2805555555555557 0.9046875 0.3805555555555557 0.9359375 0.3805555555555557
1 0.9140625 0.23333333333333353 0.8890625 0.2333333333333335 0.8890625 0.31944444444444464 0.9140625 0.3194444444444447
1 0.5171875 0.35555555555555574 0.475 0.35555555555555574 0.475 0.5222222222222224 0.5171875 0.5222222222222224
1 0.4328125 0.21666666666666676 0.4140625 0.21666666666666676 0.4140625 0.2472222222222223 0.4328125 0.2472222222222223
1 0.5796875 0.21388888888888904 0.5578125 0.21388888888888904 0.5578125 0.25000000000000017 0.5796875 0.25000000000000017
1 0.696875 0.2333333333333335 0.6765625 0.2333333333333335 0.6765625 0.3861111111111113 0.696875 0.3861111111111113
1 0.846875 0.2305555555555557 0.8234375 0.2305555555555557 0.8234375 0.3305555555555557 0.846875 0.3305555555555557
0 0.4953125 0.4305555555555557 0.475 0.4305555555555557 0.475 0.4694444444444446 0.4953125 0.4694444444444446
1 0.4265625 0.39722222222222237 0.384375 0.39722222222222237 0.384375 0.5083333333333335 0.4265625 0.5083333333333335