1 0.17031250000000003 0.2861111111111111 0.1375 0.2861111111111111 0.1375 0.45555555555555555 0.17031250000000003 0.45555555555555555
1 0.09062500000000004 0.325 0.02031250000000002 0.325 0.02031250000000003 0.5222222222222223 0.09062500000000004 0.5222222222222223
1 0.571875 0.23888888888888904 0.55 0.23888888888888904 0.55 0.3194444444444446 0.571875 0.3194444444444446
1 0.4328125 0.23888888888888896 0.4125 0.23888888888888896 0.4125 0.288888888888889 0.4328125 0.288888888888889
1 0.334375 0.21388888888888896 0.30625 0.21388888888888896 0.30625 0.2944444444444445 0.334375 0.2944444444444445
1 0.8375 0.21111111111111128 0.815625 0.21111111111111128 0.815625 0.24722222222222237 0.8375 0.24722222222222237
1 0.9453125 0.34722222222222243 0.9125 0.34722222222222243 0.9125 0.40277777777777796 0.9453125 0.40277777777777796
1 0.71875 0.2833333333333335 0.6875 0.2833333333333335 0.6875 0.4500000000000002 0.71875 0.4500000000000002
1 0.4875 0.2583333333333334 0.465625 0.2583333333333334 0.465625 0.31944444444444453 0.4875 0.31944444444444453
1 0.84375 0.23888888888888904 0.821875 0.23888888888888904 0.821875 0.3194444444444446 0.84375 0.3194444444444446
1 0.65625 0.2944444444444446 0.63125 0.2944444444444446 0.63125 0.41111111111111126 0.65625 0.41111111111111126
1 0.528125 0.20000000000000007 0.5109375 0.20000000000000007 0.5109375 0.2472222222222223 0.528125 0.2472222222222223
1 0.65625 0.23888888888888904 0.63125 0.23888888888888904 0.63125 0.3111111111111113 0.65625 0.3111111111111113
1 0.6640625 0.20277777777777795 0.65 0.20277777777777795 0.65 0.2444444444444446 0.6640625 0.2444444444444446
1 0.71875 0.20000000000000015 0.703125 0.20000000000000015 0.703125 0.24722222222222237 0.71875 0.24722222222222237
0 0.7140625 0.33611111111111125 0.7046875 0.33611111111111125 0.7046875 0.3694444444444446 0.7140625 0.3694444444444446
0 0.634375 0.3333333333333335 0.621875 0.3333333333333335 0.621875 0.35555555555555574 0.634375 0.35555555555555574
1 0.4171875 0.2111111111111112 0.3984375 0.2111111111111112 0.3984375 0.25000000000000006 0.4171875 0.25000000000000006