1 0.026562500000000027 0.30277777777777776 0.0005208333333333541 0.30277777777777776 0.0005208333333333586 0.4305555555555556 0.02656250000000003 0.4305555555555556
1 0.17291666666666666 0.23148148148148154 0.1375 0.23148148148148154 0.1375 0.3055555555555556 0.17291666666666666 0.3055555555555556
1 0.42552083333333335 0.2037037037037038 0.40625 0.2037037037037038 0.40625 0.23888888888888898 0.42552083333333335 0.23888888888888898
1 0.6359375 0.19629629629629644 0.6114583333333333 0.19629629629629644 0.6114583333333333 0.2462962962962964 0.6359375 0.2462962962962964
1 0.7270833333333333 0.2055555555555557 0.7114583333333333 0.2055555555555557 0.7114583333333333 0.24722222222222237 0.7270833333333333 0.24722222222222243
1 0.821875 0.1907407407407409 0.7989583333333333 0.1907407407407409 0.7989583333333333 0.2546296296296298 0.821875 0.2546296296296298
1 0.8458333333333333 0.20740740740740757 0.8265625 0.20740740740740757 0.8265625 0.2546296296296298 0.8458333333333333 0.2546296296296298
1 0.9463541666666667 0.21851851851851872 0.9338541666666667 0.21851851851851872 0.9338541666666667 0.23981481481481504 0.9463541666666667 0.23981481481481504
1 0.9875 0.2287037037037039 0.9734375 0.2287037037037039 0.9734375 0.32962962962962983 0.9875 0.32962962962962983
1 0.5890625 0.23333333333333345 0.5760416666666667 0.23333333333333345 0.5760416666666667 0.31944444444444453 0.5890625 0.31944444444444453
1 0.6130208333333333 0.2342592592592594 0.59375 0.23425925925925936 0.59375 0.32685185185185195 0.6130208333333333 0.32685185185185195