1 0.1640625 0.70390625 0.0734375 0.3015625
0 0.17109375 0.65703125 0.03671875 0.1390625
1 0.0859375 0.42109375 0.0484375 0.215625
1 0.15 0.415625 0.03515625 0.17734375
1 0.209375 0.35234375 0.02578125 0.12265625
1 0.1921875 0.3484375 0.0234375 0.13125
1 0.26640625 0.2734375 0.02421875 0.0453125
1 0.27578125 0.2671875 0.01953125 0.0609375
1 0.309375 0.26484375 0.0296875 0.08984375
1 0.33671875 0.2625 0.02265625 0.09921875
1 0.684375 0.30703125 0.0171875 0.11640625
1 0.840625 0.27890625 0.01640625 0.0875
1 0.75703125 0.2203125 0.01640625 0.04609375
1 0.9828125 0.61796875 0.03359375 0.24140625
1 0.9234375 0.36015625 0.03515625 0.0765625
1 0.9875 0.415625 0.025 0.04609375
1 0.88828125 0.31015625 0.0390625 0.1015625
1 0.9078125 0.2328125 0.01796875 0.03203125
1 0.865625 0.2296875 0.0234375 0.040625