1 0.17031250000000003 0.28888888888888886 0.1375 0.28888888888888886 0.1375 0.45555555555555555 0.17031250000000003 0.45555555555555555
1 0.7515625 0.3166666666666668 0.709375 0.3166666666666668 0.709375 0.5055555555555558 0.7515625 0.5055555555555558
1 0.09218750000000003 0.325 0.02031250000000002 0.325 0.02031250000000003 0.5222222222222223 0.09218750000000005 0.5222222222222223
1 0.94375 0.33611111111111136 0.9140625 0.33611111111111136 0.9140625 0.40000000000000013 0.94375 0.40000000000000013
1 0.65625 0.2944444444444446 0.6234375 0.2944444444444446 0.6234375 0.4083333333333335 0.65625 0.4083333333333335
1 0.3359375 0.21666666666666676 0.30625 0.21666666666666676 0.30625 0.2944444444444445 0.3359375 0.2944444444444445
1 0.4328125 0.23888888888888896 0.4125 0.23888888888888896 0.4125 0.288888888888889 0.4328125 0.288888888888889
1 0.8359375 0.21111111111111128 0.815625 0.21111111111111128 0.815625 0.24722222222222237 0.8359375 0.24722222222222237
1 0.4875 0.2583333333333334 0.465625 0.2583333333333334 0.465625 0.3222222222222223 0.4875 0.3222222222222223
1 0.84375 0.23611111111111127 0.821875 0.23611111111111127 0.821875 0.3194444444444446 0.84375 0.3194444444444446
1 0.41875 0.21388888888888896 0.3984375 0.21388888888888896 0.3984375 0.25000000000000006 0.41875 0.25000000000000006
1 0.53125 0.1972222222222223 0.5109375 0.1972222222222223 0.5109375 0.24444444444444452 0.53125 0.24444444444444452
1 0.603125 0.18888888888888905 0.5921875 0.18888888888888905 0.5921875 0.24166666666666684 0.603125 0.24166666666666684
1 0.66875 0.23611111111111127 0.6453125 0.23611111111111127 0.6453125 0.3472222222222224 0.66875 0.3472222222222224
1 0.7203125 0.20000000000000015 0.7015625 0.20000000000000015 0.7015625 0.24722222222222237 0.7203125 0.24722222222222237
1 0.8015625 0.24166666666666684 0.7796875 0.24166666666666684 0.7796875 0.2944444444444446 0.8015625 0.2944444444444446
0 0.7390625 0.3666666666666668 0.725 0.3666666666666668 0.725 0.40000000000000013 0.7390625 0.40000000000000013
0 0.640625 0.3472222222222224 0.621875 0.3472222222222224 0.621875 0.38888888888888906 0.640625 0.38888888888888906