1 0.24765625 0.34921875 0.028125 0.12265625
1 0.27890625 0.328125 0.03125 0.0984375
0 0.28828125 0.33671875 0.009375 0.03125
1 0.25859375 0.27109375 0.01796875 0.0953125
0 0.2640625 0.25078125 0.0078125 0.02890625
1 0.4390625 0.2953125 0.03046875 0.10859375
1 0.6453125 0.37578125 0.03671875 0.1203125
1 0.6859375 0.340625 0.021875 0.13125
1 0.528125 0.2296875 0.01796875 0.02734375
1 0.66015625 0.22421875 0.01484375 0.03828125
1 0.69140625 0.23125 0.02265625 0.028125
1 0.71015625 0.21875 0.0125 0.03828125
1 0.83359375 0.271875 0.02109375 0.1015625
1 0.80859375 0.23125 0.021875 0.028125
1 0.859375 0.328125 0.0234375 0.0453125
1 0.9140625 0.34296875 0.034375 0.0828125
1 0.90859375 0.290625 0.02734375 0.1109375
1 0.90078125 0.23046875 0.02109375 0.0328125
1 0.88203125 0.234375 0.015625 0.02421875
0 0.91640625 0.365625 0.009375 0.034375
1 0.7984375 0.2046875 0.01171875 0.0265625
1 0.13515625 0.25390625 0.015625 0.04609375