1 0.175 0.24074074074074073 0.14375 0.24074074074074073 0.14375 0.3101851851851852 0.175 0.3101851851851852
1 0.4276041666666667 0.20925925925925937 0.409375 0.20925925925925937 0.409375 0.2425925925925927 0.4276041666666667 0.2425925925925927
1 0.6671875 0.2009259259259261 0.6489583333333333 0.2009259259259261 0.6489583333333333 0.23981481481481493 0.6671875 0.23981481481481493
1 0.70625 0.20740740740740757 0.6921875 0.20740740740740757 0.6921875 0.24444444444444455 0.70625 0.24444444444444455
1 0.7515625 0.2009259259259261 0.7307291666666667 0.2009259259259261 0.7307291666666667 0.25092592592592616 0.7515625 0.25092592592592616
1 0.8260416666666667 0.21296296296296313 0.8088541666666667 0.21296296296296313 0.8088541666666667 0.24907407407407428 0.8260416666666667 0.24907407407407428
1 0.8484375 0.21203703703703722 0.828125 0.2120370370370372 0.828125 0.25185185185185205 0.8484375 0.25185185185185205
1 0.94375 0.2388888888888891 0.9234375 0.2388888888888891 0.9234375 0.31944444444444464 0.94375 0.31944444444444464
1 0.9630208333333333 0.24537037037037057 0.94375 0.24537037037037057 0.94375 0.30925925925925946 0.9630208333333333 0.30925925925925946
1 0.9932291666666667 0.2250000000000002 0.965625 0.2250000000000002 0.965625 0.30462962962962986 0.9932291666666667 0.30462962962962986
1 0.9953125 0.3574074074074076 0.9651041666666667 0.3574074074074076 0.9651041666666667 0.4425925925925928 0.9953125 0.4425925925925928