1 0.14921875 0.39453125 0.03515625 0.196875
1 0.16640625 0.38125 0.02421875 0.15703125
1 0.2578125 0.3375 0.02265625 0.12421875
0 0.2609375 0.35234375 0.01640625 0.03203125
1 0.31484375 0.26953125 0.0234375 0.0859375
1 0.21171875 0.29375 0.0265625 0.0921875
1 0.26640625 0.2578125 0.0171875 0.071875
1 0.25234375 0.25546875 0.01015625 0.03984375
1 0.275 0.34765625 0.03359375 0.12890625
1 0.478125 0.29296875 0.0265625 0.109375
1 0.56328125 0.22109375 0.01640625 0.04296875
1 0.5203125 0.21875 0.0171875 0.0484375
1 0.65625 0.225 0.0109375 0.0328125
1 0.68984375 0.2359375 0.01953125 0.021875
1 0.74921875 0.27890625 0.01640625 0.03125
1 0.8203125 0.26328125 0.01875 0.07890625
1 0.8046875 0.22890625 0.0109375 0.03046875
1 0.815625 0.2296875 0.0203125 0.02890625
1 0.8828125 0.31484375 0.01875 0.08984375
1 0.89453125 0.3171875 0.028125 0.10234375
1 0.96484375 0.375 0.0328125 0.1015625
1 0.91796875 0.27109375 0.02421875 0.0765625
1 0.8703125 0.23359375 0.0234375 0.02734375
1 0.89296875 0.23125 0.01953125 0.03203125