1 0.6859375 0.5305555555555557 0.6265625 0.5305555555555557 0.6265625 0.8222222222222222 0.6859375 0.8222222222222222
1 0.06250000000000003 0.34444444444444444 0.007812500000000024 0.34444444444444444 0.007812500000000031 0.5444444444444444 0.06250000000000004 0.5444444444444444
1 0.5203125 0.31666666666666676 0.475 0.31666666666666676 0.475 0.5083333333333335 0.5203125 0.5083333333333335
1 0.5734375 0.24166666666666684 0.55625 0.24166666666666684 0.55625 0.3194444444444446 0.5734375 0.3194444444444446
1 0.440625 0.23888888888888896 0.4234375 0.23888888888888896 0.4234375 0.288888888888889 0.440625 0.288888888888889
1 1 0.352777777777778 0.9703125 0.352777777777778 0.9703125 0.43888888888888905 1 0.43888888888888905
1 0.84375 0.23888888888888904 0.821875 0.23888888888888904 0.821875 0.32777777777777795 0.84375 0.32777777777777795
0 0.7578125 0.6333333333333335 0.7234375 0.6333333333333335 0.7234375 0.6833333333333335 0.7578125 0.6833333333333335
1 0.5 0.288888888888889 0.471875 0.288888888888889 0.471875 0.4416666666666668 0.5 0.4416666666666668
1 0.45625 0.21666666666666676 0.43125 0.21666666666666676 0.43125 0.2472222222222223 0.45625 0.2472222222222223
1 0.5296875 0.20000000000000007 0.5109375 0.20000000000000007 0.5109375 0.2472222222222223 0.5296875 0.2472222222222223
1 0.7078125 0.21388888888888904 0.6875 0.21388888888888904 0.6875 0.24722222222222237 0.7078125 0.24722222222222237
1 0.7171875 0.19722222222222238 0.7015625 0.19722222222222238 0.7015625 0.23611111111111127 0.7171875 0.23611111111111127
1 0.715625 0.24166666666666684 0.6890625 0.24166666666666684 0.6890625 0.38333333333333347 0.715625 0.38333333333333347
1 0.66875 0.22500000000000014 0.646875 0.22500000000000014 0.646875 0.3250000000000002 0.66875 0.3250000000000002
1 0.665625 0.3166666666666668 0.640625 0.3166666666666668 0.640625 0.3805555555555557 0.665625 0.3805555555555557
1 0.95 0.2583333333333336 0.9203125 0.2583333333333336 0.9203125 0.33055555555555577 0.95 0.33055555555555577
1 0.86875 0.20833333333333348 0.8546875 0.20833333333333348 0.8546875 0.25000000000000017 0.86875 0.25000000000000017
0 0.4953125 0.33888888888888896 0.475 0.33888888888888896 0.475 0.36111111111111127 0.4953125 0.36111111111111127