1 0.66875 0.5222222222222224 0.6109375 0.5222222222222224 0.6109375 0.8027777777777778 0.66875 0.8027777777777778
1 0.31875 0.23888888888888896 0.2875 0.23888888888888896 0.2875 0.3444444444444445 0.31875 0.3444444444444445
1 0.665625 0.2305555555555557 0.6375 0.2305555555555557 0.6375 0.35000000000000014 0.665625 0.35000000000000014
1 0.06093750000000003 0.3416666666666667 0.004687500000000023 0.3416666666666667 0.00468750000000003 0.5472222222222223 0.06093750000000005 0.5472222222222223
1 0.521875 0.2972222222222223 0.484375 0.2972222222222223 0.484375 0.4722222222222224 0.521875 0.4722222222222224
1 0.58125 0.23888888888888904 0.559375 0.23888888888888904 0.559375 0.3194444444444446 0.58125 0.3194444444444446
1 0.51875 0.20000000000000007 0.5015625 0.20000000000000007 0.5015625 0.24166666666666675 0.51875 0.24166666666666675
1 0.8453125 0.23888888888888904 0.821875 0.23888888888888904 0.821875 0.3250000000000002 0.8453125 0.3250000000000002
1 0.4953125 0.288888888888889 0.4703125 0.288888888888889 0.4703125 0.43888888888888905 0.4953125 0.43888888888888905
1 0.4828125 0.2472222222222223 0.4453125 0.2472222222222223 0.4453125 0.35555555555555574 0.4828125 0.35555555555555574
1 0.7203125 0.20000000000000015 0.7046875 0.20000000000000015 0.7046875 0.24722222222222237 0.7203125 0.24722222222222237
1 0.771875 0.22222222222222238 0.740625 0.22222222222222238 0.740625 0.2972222222222224 0.771875 0.2972222222222224
1 0.8734375 0.21111111111111128 0.8546875 0.21111111111111128 0.8546875 0.25277777777777793 0.8734375 0.25277777777777793
1 1 0.2638888888888891 0.9875 0.2638888888888891 0.9875 0.327777777777778 1 0.327777777777778
0 0.75 0.6333333333333335 0.7265625 0.6333333333333335 0.7265625 0.6805555555555557 0.75 0.6805555555555557
0 0.4890625 0.37500000000000017 0.478125 0.37500000000000017 0.478125 0.4083333333333335 0.4890625 0.4083333333333335
0 0.4953125 0.39166666666666683 0.4875 0.39166666666666683 0.4875 0.4194444444444446 0.4953125 0.4194444444444446