1 0.290625 0.77109375 0.11171875 0.36015625
1 0.096875 0.671875 0.0875 0.32578125
1 0.0265625 0.4671875 0.053125 0.184375
1 0.1765625 0.3734375 0.0328125 0.17578125
1 0.1625 0.37265625 0.02734375 0.15234375
1 0.2171875 0.27421875 0.0359375 0.0890625
1 0.30546875 0.26953125 0.01875 0.0734375
1 0.33125 0.25703125 0.01953125 0.0765625
0 0.33671875 0.24921875 0.00859375 0.028125
1 0.41875 0.2265625 0.02578125 0.034375
1 0.51640625 0.2203125 0.0203125 0.04453125
1 0.62421875 0.3234375 0.02578125 0.09921875
0 0.63203125 0.3375 0.00859375 0.0203125
1 0.64921875 0.328125 0.0328125 0.13671875
1 0.66015625 0.22421875 0.01484375 0.0359375
1 0.7078125 0.29921875 0.0234375 0.1171875
1 0.7546875 0.265625 0.02109375 0.0546875
1 0.9296875 0.3453125 0.046875 0.1078125
1 0.790625 0.20625 0.015625 0.02890625
1 0.8015625 0.2203125 0.015625 0.04609375
1 0.878125 0.23125 0.01953125 0.03203125
1 0.9171875 0.2890625 0.03046875 0.10625
1 0.5625 0.215625 0.009375 0.05078125