1 0.953125 0.2944444444444447 0.9265625 0.2944444444444447 0.9265625 0.40277777777777796 0.953125 0.40277777777777796
1 0.4359375 0.23888888888888896 0.4171875 0.23888888888888896 0.4171875 0.288888888888889 0.4359375 0.288888888888889
1 0.2265625 0.30277777777777787 0.1875 0.30277777777777787 0.18750000000000003 0.43333333333333335 0.2265625 0.43333333333333335
1 0.540625 0.24166666666666675 0.521875 0.24166666666666675 0.521875 0.2972222222222223 0.540625 0.2972222222222223
1 0.4875 0.25555555555555565 0.465625 0.25555555555555565 0.465625 0.3472222222222223 0.4875 0.3472222222222223
1 0.8421875 0.23888888888888904 0.821875 0.23888888888888904 0.821875 0.3194444444444446 0.8421875 0.3194444444444446
1 0.2234375 0.2250000000000001 0.2 0.2250000000000001 0.2 0.3500000000000001 0.2234375 0.3500000000000001
1 0.19062500000000002 0.2888888888888889 0.153125 0.28888888888888886 0.153125 0.4527777777777778 0.19062500000000004 0.4527777777777778
1 0.4546875 0.4333333333333335 0.384375 0.4333333333333335 0.384375 0.6194444444444446 0.4546875 0.6194444444444446
1 0.375 0.2472222222222223 0.35625 0.2472222222222223 0.35625 0.313888888888889 0.375 0.313888888888889
1 0.7109375 0.2694444444444446 0.6875 0.2694444444444446 0.6875 0.4083333333333335 0.7109375 0.4083333333333335
1 0.53125 0.1972222222222223 0.5109375 0.1972222222222223 0.5109375 0.24166666666666675 0.53125 0.24166666666666675
1 0.4453125 0.21944444444444453 0.421875 0.21944444444444453 0.421875 0.24444444444444452 0.4453125 0.24444444444444452
1 0.7203125 0.19722222222222238 0.703125 0.19722222222222238 0.703125 0.2444444444444446 0.7203125 0.2444444444444446
1 0.825 0.21111111111111128 0.803125 0.21111111111111128 0.803125 0.24722222222222237 0.825 0.24722222222222237
1 0.8375 0.21111111111111128 0.8234375 0.21111111111111128 0.8234375 0.23611111111111127 0.8375 0.23611111111111127