1 0.4234375 0.5000000000000001 0.35625 0.5 0.35625000000000007 0.775 0.4234375 0.775
1 0.29687500000000006 0.5527777777777778 0.2328125 0.5527777777777778 0.23281250000000003 0.8611111111111112 0.2968750000000001 0.8611111111111112
1 0.06562500000000003 0.3388888888888889 0.018750000000000024 0.3388888888888889 0.01875000000000003 0.5472222222222223 0.06562500000000004 0.5472222222222223
1 0.428125 0.23888888888888896 0.409375 0.23888888888888896 0.409375 0.29166666666666674 0.428125 0.29166666666666674
1 0.9859375 0.23333333333333356 0.9484375 0.23333333333333356 0.9484375 0.3194444444444447 0.9859375 0.3194444444444447
1 0.559375 0.23611111111111122 0.540625 0.2361111111111112 0.540625 0.31666666666666676 0.559375 0.3166666666666668
1 0.26875 0.21944444444444453 0.24375 0.21944444444444453 0.24375 0.31666666666666676 0.26875 0.31666666666666676
1 0.4875 0.2583333333333334 0.4640625 0.2583333333333334 0.4640625 0.3472222222222223 0.4875 0.3472222222222223
1 0.5828125 0.23888888888888904 0.56875 0.23888888888888904 0.56875 0.3194444444444446 0.5828125 0.3194444444444446
1 0.53125 0.18888888888888897 0.5109375 0.18888888888888897 0.5109375 0.24444444444444452 0.53125 0.24444444444444452
1 0.953125 0.2805555555555558 0.9046875 0.2805555555555557 0.9046875 0.38333333333333347 0.953125 0.38333333333333347
1 0.5640625 0.31666666666666676 0.5375 0.31666666666666676 0.5375 0.4055555555555557 0.5640625 0.4055555555555557
1 0.8453125 0.23888888888888904 0.821875 0.23888888888888904 0.821875 0.32222222222222235 0.8453125 0.32222222222222235
1 0.9109375 0.23333333333333353 0.8828125 0.2333333333333335 0.8828125 0.3166666666666669 0.9109375 0.31666666666666693
1 0.71875 0.20000000000000015 0.7015625 0.20000000000000015 0.7015625 0.24722222222222237 0.71875 0.24722222222222237
0 0.5046875 0.41388888888888903 0.4796875 0.41388888888888903 0.4796875 0.44722222222222235 0.5046875 0.44722222222222235