1 0.17708333333333334 0.2333333333333334 0.14583333333333334 0.2333333333333334 0.14583333333333334 0.3212962962962963 0.17708333333333334 0.3212962962962963
1 0.42604166666666665 0.2064814814814816 0.40260416666666665 0.2064814814814816 0.40260416666666665 0.25092592592592605 0.42604166666666665 0.25092592592592605
1 0.5885416666666666 0.2425925925925927 0.5677083333333334 0.2425925925925927 0.5677083333333334 0.32222222222222235 0.5885416666666666 0.32222222222222235
1 0.6369791666666667 0.2009259259259261 0.6125 0.2009259259259261 0.6125 0.25462962962962976 0.6369791666666667 0.25462962962962976
1 0.8208333333333333 0.2009259259259261 0.796875 0.2009259259259261 0.796875 0.24074074074074095 0.8208333333333333 0.24074074074074095
1 0.84375 0.21296296296296313 0.8234375 0.21296296296296313 0.8234375 0.2500000000000002 0.84375 0.2500000000000002
1 0.9932291666666667 0.2287037037037039 0.9614583333333333 0.2287037037037039 0.9614583333333333 0.3287037037037039 0.9932291666666667 0.3287037037037039
1 0.9411458333333333 0.21203703703703725 0.9265625 0.21203703703703725 0.9265625 0.252777777777778 0.9411458333333333 0.252777777777778
1 0.8703125 0.21203703703703725 0.8536458333333333 0.21203703703703725 0.8536458333333333 0.24537037037037057 0.8703125 0.24537037037037057
1 0.7567708333333333 0.27685185185185207 0.7411458333333333 0.27685185185185207 0.7411458333333333 0.30833333333333357 0.7567708333333333 0.30833333333333357
1 0.615625 0.2277777777777779 0.5932291666666667 0.22777777777777788 0.5932291666666667 0.3157407407407408 0.615625 0.3157407407407408