1 0.03046875 0.45 0.0609375 0.1984375
1 0.15859375 0.37734375 0.0390625 0.16171875
1 0.22890625 0.303125 0.028125 0.13515625
1 0.134375 0.278125 0.0140625 0.07109375
1 0.29140625 0.30234375 0.02421875 0.09375
1 0.32421875 0.27109375 0.02890625 0.06328125
1 0.38828125 0.515625 0.0546875 0.225
1 0.73125 0.28125 0.0234375 0.04921875
1 0.6828125 0.30859375 0.01328125 0.11484375
1 0.78515625 0.26484375 0.0359375 0.059375
1 0.8984375 0.34296875 0.034375 0.07578125
1 0.94921875 0.36328125 0.03828125 0.11484375
1 0.965625 0.27890625 0.0234375 0.06640625
1 0.98515625 0.26484375 0.02421875 0.06875
1 0.871875 0.23125 0.02734375 0.03671875
0 0.04921875 0.49375 0.02734375 0.05859375
0 0.390625 0.4890625 0.0234375 0.05703125