1 0.15468750000000003 0.334375 0.12812500000000004 0.334375 0.12812500000000004 0.5015625 0.15468750000000003 0.5015625
1 0.07812500000000006 0.3515625 0.021875000000000044 0.3515625 0.021875000000000054 0.5453125 0.07812500000000007 0.5453125
1 0.2875 0.2140625 0.259375 0.2140625 0.259375 0.3234375 0.2875 0.3234375
1 0.378125 0.25468750000000007 0.3546875 0.2546875 0.3546875 0.31562500000000004 0.378125 0.3156250000000001
1 0.5703125 0.3515625000000001 0.540625 0.3515625000000001 0.540625 0.409375 0.5703125 0.409375
1 0.6328125 0.2578125000000001 0.609375 0.2578125000000001 0.609375 0.3671875000000001 0.6328125 0.3671875000000001
1 0.6984375 0.3453125000000001 0.6375 0.3453125000000001 0.6375 0.434375 0.6984375 0.434375
1 0.8859375 0.23593750000000008 0.8578125 0.23593750000000008 0.8578125 0.3515625000000001 0.8859375 0.3515625000000001
1 0.9828125 0.2375000000000001 0.959375 0.2375000000000001 0.959375 0.3281250000000001 0.9828125 0.3281250000000001
1 0.9890625 0.2156250000000001 0.9671875 0.2156250000000001 0.9671875 0.2515625000000001 0.9890625 0.2515625000000001
1 0.540625 0.2015625000000001 0.5171875 0.2015625000000001 0.5171875 0.2468750000000001 0.540625 0.2468750000000001