1 0.7765625 0.38333333333333347 0.725 0.38333333333333347 0.725 0.6305555555555558 0.7765625 0.6305555555555558
1 0.17031250000000003 0.28888888888888886 0.1359375 0.28888888888888886 0.13593750000000002 0.45555555555555555 0.17031250000000003 0.45555555555555555
1 0.07656250000000003 0.32222222222222224 0.02343750000000002 0.32222222222222224 0.02343750000000003 0.5277777777777778 0.07656250000000005 0.5277777777777778
1 0.903125 0.23611111111111127 0.871875 0.23611111111111127 0.871875 0.35555555555555574 0.903125 0.35555555555555574
1 0.29375 0.21666666666666676 0.2640625 0.21666666666666676 0.2640625 0.31666666666666676 0.29375 0.31666666666666676
1 0.9421875 0.2916666666666669 0.909375 0.2916666666666669 0.909375 0.38888888888888906 0.9421875 0.38888888888888906
1 0.5828125 0.23888888888888904 0.565625 0.23888888888888904 0.565625 0.3194444444444446 0.5828125 0.3194444444444446
1 0.6234375 0.20000000000000015 0.6078125 0.20000000000000015 0.6078125 0.24166666666666684 0.6234375 0.24166666666666684
1 0.840625 0.21111111111111128 0.8234375 0.21111111111111128 0.8234375 0.2444444444444446 0.840625 0.2444444444444446
1 0.84375 0.23611111111111127 0.821875 0.23611111111111127 0.821875 0.3194444444444446 0.84375 0.3194444444444446
1 0.4421875 0.24166666666666675 0.421875 0.24166666666666675 0.421875 0.29166666666666674 0.4421875 0.29166666666666674
1 0.4875 0.2583333333333334 0.465625 0.2583333333333334 0.465625 0.31944444444444453 0.4875 0.31944444444444453
1 0.7171875 0.2055555555555557 0.703125 0.2055555555555557 0.703125 0.2444444444444446 0.7171875 0.2444444444444446
1 0.5296875 0.20000000000000007 0.5078125 0.20000000000000007 0.5078125 0.24444444444444452 0.5296875 0.24444444444444452
1 0.6640625 0.2944444444444446 0.6421875 0.2944444444444446 0.6421875 0.4083333333333335 0.6640625 0.4083333333333335