1 0.05859375 0.63125 0.075 0.2828125
1 0.04921875 0.45 0.065625 0.18515625
1 0.1390625 0.3796875 0.0390625 0.15625
1 0.0703125 0.32109375 0.01171875 0.06328125
1 0.2203125 0.30390625 0.0296875 0.13125
1 0.15625 0.27109375 0.01796875 0.04765625
1 0.290625 0.30546875 0.02421875 0.09765625
1 0.29609375 0.25234375 0.0203125 0.059375
1 0.66015625 0.228125 0.01875 0.0328125
1 0.68203125 0.30703125 0.0109375 0.11640625
1 0.70859375 0.31015625 0.0359375 0.1359375
1 0.88828125 0.34453125 0.03515625 0.0625
1 0.909375 0.34453125 0.0296875 0.06484375
1 0.98828125 0.26328125 0.0234375 0.08515625
1 0.90234375 0.2328125 0.0234375 0.03671875
1 0.75859375 0.2265625 0.02109375 0.034375
1 0.8265625 0.290625 0.01953125 0.06875
1 0.8484375 0.26796875 0.02265625 0.07578125