1 0.0296875 0.45546875 0.059375 0.1734375
0 0.053125 0.4921875 0.02578125 0.05859375
0 0.375 0.57578125 0.0203125 0.04375
1 0.146875 0.38125 0.04609375 0.1546875
1 0.21875 0.3015625 0.03359375 0.13515625
1 0.29140625 0.303125 0.0265625 0.09296875
1 0.309375 0.27421875 0.03125 0.05703125
1 0.378125 0.59140625 0.05859375 0.275
1 0.68515625 0.3078125 0.015625 0.1203125
1 0.7890625 0.2671875 0.02734375 0.0609375
1 0.76171875 0.27734375 0.01953125 0.0359375
1 0.82265625 0.23203125 0.01953125 0.03828125
1 0.89609375 0.3375 0.028125 0.0765625
1 0.92734375 0.35546875 0.03046875 0.08828125
1 0.98203125 0.2671875 0.034375 0.0796875
1 0.15859375 0.2609375 0.01796875 0.03671875