1 0.17031250000000003 0.2861111111111111 0.1375 0.2861111111111111 0.1375 0.45555555555555555 0.17031250000000003 0.45555555555555555
1 0.9203125 0.5500000000000002 0.8359375 0.5500000000000002 0.8359375 0.8861111111111114 0.9203125 0.8861111111111114
1 0.07968750000000004 0.32222222222222224 0.021875000000000023 0.32222222222222224 0.02187500000000003 0.5277777777777778 0.07968750000000005 0.5277777777777778
1 0.4328125 0.23888888888888896 0.4125 0.23888888888888896 0.4125 0.288888888888889 0.4328125 0.288888888888889
1 0.31875 0.21666666666666676 0.296875 0.21666666666666676 0.296875 0.31111111111111117 0.31875 0.31111111111111117
1 0.5828125 0.23888888888888904 0.5640625 0.23888888888888904 0.5640625 0.3194444444444446 0.5828125 0.3194444444444446
1 0.6640625 0.30000000000000016 0.640625 0.30000000000000016 0.640625 0.4083333333333335 0.6640625 0.4083333333333335
1 1 0.2916666666666669 0.971875 0.2916666666666669 0.971875 0.4333333333333335 1 0.4333333333333335
1 0.4875 0.2583333333333334 0.4640625 0.2583333333333334 0.4640625 0.3500000000000001 0.4875 0.3500000000000001
1 0.840625 0.21111111111111128 0.825 0.21111111111111128 0.825 0.24722222222222237 0.840625 0.24722222222222237
1 0.8453125 0.23888888888888904 0.821875 0.23888888888888904 0.821875 0.32222222222222235 0.8453125 0.32222222222222235
1 0.1109375 0.2222222222222222 0.09531250000000002 0.2222222222222222 0.09531250000000002 0.28888888888888886 0.1109375 0.28888888888888886
1 0.4390625 0.21666666666666676 0.4171875 0.21666666666666676 0.4171875 0.25000000000000006 0.4390625 0.25000000000000006
1 0.53125 0.20000000000000007 0.5109375 0.20000000000000007 0.5109375 0.24444444444444452 0.53125 0.24444444444444452
1 0.5796875 0.21111111111111128 0.5609375 0.21111111111111128 0.5609375 0.24166666666666684 0.5796875 0.24166666666666684
1 0.7203125 0.20000000000000015 0.7 0.20000000000000015 0.7 0.24722222222222237 0.7203125 0.24722222222222237
1 0.9328125 0.2361111111111113 0.8984375 0.23611111111111127 0.8984375 0.36111111111111127 0.9328125 0.36111111111111127
1 0.8171875 0.23611111111111127 0.7953125 0.23611111111111127 0.7953125 0.30000000000000016 0.8171875 0.30000000000000016
1 1 0.3583333333333335 0.975 0.3583333333333335 0.975 0.4416666666666668 1 0.4416666666666668
0 0.896875 0.6694444444444446 0.8625 0.6694444444444446 0.8625 0.7527777777777781 0.896875 0.7527777777777781
0 0.659375 0.33611111111111125 0.65 0.33611111111111125 0.65 0.3666666666666668 0.659375 0.3666666666666668