1 0.0265625 0.459375 0.053125 0.17421875
1 0.1671875 0.36875 0.0359375 0.17578125
1 0.18125 0.35703125 0.0234375 0.14765625
1 0.27265625 0.3578125 0.028125 0.1265625
1 0.28046875 0.31640625 0.04453125 0.07890625
1 0.33125 0.2578125 0.01875 0.078125
1 0.30625 0.2671875 0.0140625 0.071875
1 0.2921875 0.2515625 0.0125 0.01796875
0 0.3359375 0.246875 0.0078125 0.02734375
1 0.7125 0.4265625 0.03984375 0.18984375
1 0.69296875 0.43984375 0.03671875 0.1609375
1 0.79375 0.2703125 0.02109375 0.04921875
1 0.42734375 0.228125 0.02109375 0.03046875
1 0.5171875 0.22109375 0.02109375 0.0453125
1 0.7953125 0.209375 0.0140625 0.02421875
1 0.834375 0.228125 0.01328125 0.03359375
1 0.8828125 0.23046875 0.02421875 0.028125
1 0.921875 0.2828125 0.02890625 0.09296875
1 0.65625 0.22578125 0.0125 0.03203125