1 0.09062500000000008 0.4609375 0.0015625000000000562 0.4609375 0.001562500000000072 0.721875 0.0906250000000001 0.721875
1 0.06875000000000006 0.35625 0.023437500000000045 0.35625 0.023437500000000052 0.49375 0.06875000000000006 0.49375
1 0.275 0.215625 0.240625 0.215625 0.240625 0.340625 0.275 0.340625
1 0.5 0.3312500000000001 0.44375 0.3312500000000001 0.44375 0.521875 0.5 0.521875
1 0.55 0.34062500000000007 0.5203125 0.34062500000000007 0.5203125 0.4375 0.55 0.4375
1 0.6375 0.2531250000000001 0.6046875 0.2531250000000001 0.6046875 0.3703125000000001 0.6375 0.3703125000000001
1 0.3796875 0.24687500000000004 0.3515625 0.246875 0.3515625 0.31718750000000007 0.3796875 0.31718750000000007
1 0.8359375 0.2093750000000001 0.8171875 0.2093750000000001 0.8171875 0.2484375000000001 0.8359375 0.2484375000000001
1 0.9640625 0.21250000000000008 0.93125 0.21250000000000008 0.93125 0.2515625000000001 0.9640625 0.2515625000000001
1 0.9234375 0.2328125000000001 0.896875 0.2328125000000001 0.896875 0.34843750000000007 0.9234375 0.34843750000000007
1 0.85 0.23593750000000008 0.825 0.23593750000000008 0.825 0.3234375000000001 0.85 0.3234375000000001
1 0.9609375 0.2921875000000001 0.91875 0.2921875000000001 0.91875 0.3968750000000001 0.9609375 0.3968750000000001