1 0.17421875 0.40703125 0.03828125 0.09453125
1 0.21875 0.32734375 0.0296875 0.134375
1 0.25390625 0.3140625 0.028125 0.125
1 0.28515625 0.3015625 0.03125 0.1078125
1 0.40546875 0.55390625 0.05703125 0.2359375
1 0.3828125 0.45078125 0.0421875 0.159375
0 0.27265625 0.30234375 0.01484375 0.025
1 0.440625 0.2953125 0.03125 0.10859375
1 0.66015625 0.22421875 0.01484375 0.03828125
1 0.70859375 0.22890625 0.01796875 0.03046875
1 0.753125 0.22578125 0.0203125 0.0390625
1 0.86953125 0.284375 0.0296875 0.1171875
1 0.878125 0.3375 0.03046875 0.053125
1 0.903125 0.2875 0.02734375 0.109375
1 0.9015625 0.22890625 0.021875 0.03046875