1 0.028125 0.56328125 0.05625 0.2609375
1 0.0703125 0.50546875 0.06796875 0.2359375
1 0.02109375 0.46875 0.0421875 0.2
1 0.134375 0.390625 0.03359375 0.1640625
1 0.16640625 0.39296875 0.0328125 0.20234375
0 0.12265625 0.37109375 0.00703125 0.02578125
1 0.2171875 0.27421875 0.03359375 0.08828125
1 0.29375 0.25 0.00625 0.01640625
1 0.30546875 0.2671875 0.01484375 0.0703125
1 0.315625 0.2578125 0.01796875 0.07890625
0 0.3171875 0.24765625 0.0109375 0.02734375
1 0.346875 0.6921875 0.08046875 0.34765625
1 0.41328125 0.75078125 0.11171875 0.359375
1 0.49453125 0.29296875 0.02890625 0.109375
1 0.52109375 0.21953125 0.01796875 0.046875
1 0.69375 0.32109375 0.03125 0.13203125
1 0.9484375 0.67734375 0.0828125 0.31796875
1 0.8515625 0.309375 0.02265625 0.06171875
1 0.88125 0.3109375 0.034375 0.09140625
1 0.92265625 0.278125 0.03203125 0.08359375
1 0.8171875 0.228125 0.021875 0.03515625
1 0.690625 0.23359375 0.021875 0.03125
1 0.7015625 0.2609375 0.0140625 0.0421875
1 0.7125 0.2203125 0.0125 0.0359375
1 0.653125 0.2234375 0.01796875 0.0390625
1 0.53828125 0.22265625 0.00859375 0.03203125
1 0.79609375 0.21796875 0.0171875 0.04140625
1 0.8703125 0.22890625 0.02421875 0.03359375