1 0.4171875 0.5472222222222223 0.3109375 0.5472222222222223 0.31093750000000003 0.9222222222222223 0.4171875 0.9222222222222223
1 0.17031250000000003 0.2833333333333333 0.1375 0.2833333333333333 0.1375 0.45555555555555555 0.17031250000000003 0.45555555555555555
1 0.9265625 0.33055555555555577 0.8890625 0.3305555555555557 0.8890625 0.38888888888888906 0.9265625 0.38888888888888906
1 0.3296875 0.21666666666666676 0.3015625 0.21666666666666676 0.3015625 0.30277777777777787 0.3296875 0.30277777777777787
1 0.4328125 0.23888888888888896 0.4125 0.23888888888888896 0.4125 0.288888888888889 0.4328125 0.288888888888889
1 0.659375 0.22222222222222238 0.6375 0.22222222222222238 0.6375 0.3472222222222224 0.659375 0.3472222222222224
1 0.221875 0.2250000000000001 0.1984375 0.2250000000000001 0.19843750000000002 0.35277777777777786 0.221875 0.35277777777777786
1 0.634375 0.2166666666666668 0.6125 0.2166666666666668 0.6125 0.24722222222222237 0.634375 0.24722222222222237
1 0.7171875 0.20277777777777795 0.703125 0.20277777777777795 0.703125 0.2444444444444446 0.7171875 0.2444444444444446
1 0.4875 0.2583333333333334 0.4671875 0.2583333333333334 0.4671875 0.3222222222222223 0.4875 0.3222222222222223
1 0.1671875 0.24166666666666667 0.14375 0.24166666666666667 0.14375 0.3111111111111111 0.1671875 0.3111111111111111
1 0.1109375 0.2222222222222222 0.08437500000000002 0.2222222222222222 0.08437500000000002 0.28888888888888886 0.1109375 0.28888888888888886
1 0.6234375 0.24166666666666684 0.60625 0.24166666666666684 0.60625 0.3055555555555557 0.6234375 0.3055555555555557
1 0.6890625 0.3305555555555557 0.6515625 0.3305555555555557 0.6515625 0.46111111111111125 0.6890625 0.46111111111111125
1 0.84375 0.23888888888888904 0.821875 0.23888888888888904 0.821875 0.3194444444444446 0.84375 0.3194444444444446
1 0.528125 0.18888888888888897 0.5125 0.18888888888888897 0.5125 0.24166666666666675 0.528125 0.24166666666666675
1 0.43125 0.21666666666666676 0.4046875 0.21666666666666676 0.4046875 0.2472222222222223 0.43125 0.2472222222222223
1 0.846875 0.21388888888888904 0.828125 0.21388888888888904 0.828125 0.24722222222222237 0.846875 0.24722222222222237
0 0.6640625 0.35555555555555574 0.6515625 0.35555555555555574 0.6515625 0.3805555555555557 0.6640625 0.3805555555555557