1 0.325 0.2140625 0.3 0.2140625 0.3 0.3109375 0.325 0.3109375
1 0.453125 0.2875000000000001 0.4234375 0.2875000000000001 0.4234375 0.4453125 0.453125 0.4453125
1 0.5140625 0.2718750000000001 0.4921875 0.2718750000000001 0.4921875 0.3671875000000001 0.5140625 0.3671875000000001
1 0.6609375 0.23437500000000008 0.6375 0.23437500000000008 0.6375 0.3734375000000001 0.6609375 0.3734375000000001
1 0.7703125 0.3218750000000001 0.7421875 0.3218750000000001 0.7421875 0.4312500000000002 0.7703125 0.4312500000000002
1 0.909375 0.2484375000000001 0.8796875 0.2484375000000001 0.8796875 0.3671875000000001 0.909375 0.3671875000000001
1 0.9328125 0.22812500000000008 0.909375 0.22812500000000008 0.909375 0.3515625000000001 0.9328125 0.3515625000000001
1 0.9921875 0.23593750000000008 0.965625 0.23593750000000008 0.965625 0.3281250000000001 0.9921875 0.3281250000000001
1 0.9828125 0.2218750000000001 0.9625 0.2218750000000001 0.9625 0.2578125000000001 0.9828125 0.2578125000000001
1 0.9515625 0.2234375000000001 0.9296875 0.2234375000000001 0.9296875 0.2562500000000001 0.9515625 0.2562500000000001
1 0.8109375 0.18906250000000008 0.79375 0.18906250000000008 0.79375 0.24375000000000008 0.8109375 0.24375000000000008