1 0.08281250000000005 0.346875 0.021875000000000044 0.346875 0.021875000000000054 0.546875 0.08281250000000007 0.546875
1 0.16093750000000004 0.3328125 0.12812500000000004 0.3328125 0.12812500000000004 0.5078125 0.16093750000000004 0.5078125
1 0.2859375 0.2078125 0.2609375 0.2078125 0.2609375 0.3203125 0.2859375 0.3203125
1 0.3796875 0.25781250000000006 0.353125 0.2578125 0.353125 0.3140625 0.3796875 0.3140625000000001
1 0.5390625 0.2000000000000001 0.515625 0.2000000000000001 0.515625 0.2500000000000001 0.5390625 0.2500000000000001
1 0.6296875 0.2562500000000001 0.60625 0.2562500000000001 0.60625 0.3609375000000001 0.6296875 0.3609375000000001
1 0.6984375 0.3421875000000001 0.6390625 0.3421875000000001 0.6390625 0.446875 0.6984375 0.446875
1 0.5703125 0.3468750000000001 0.540625 0.3468750000000001 0.540625 0.4125 0.5703125 0.4125
1 0.8828125 0.2375000000000001 0.85625 0.2375000000000001 0.85625 0.3578125000000001 0.8828125 0.3578125000000001
1 0.984375 0.2375000000000001 0.9625 0.2375000000000001 0.9625 0.3218750000000001 0.984375 0.3218750000000001
1 0.99375 0.2140625000000001 0.9640625 0.2140625000000001 0.9640625 0.2515625000000001 0.99375 0.2515625000000001