1 0.409375 0.3861111111111112 0.359375 0.3861111111111111 0.359375 0.5944444444444446 0.409375 0.5944444444444446
1 0.428125 0.23888888888888896 0.409375 0.23888888888888896 0.409375 0.29166666666666674 0.428125 0.29166666666666674
1 0.06406250000000004 0.33611111111111114 0.01562500000000002 0.33611111111111114 0.01562500000000003 0.5444444444444444 0.06406250000000005 0.5444444444444444
1 0.6421875 0.25277777777777793 0.6203125 0.25277777777777793 0.6203125 0.36388888888888904 0.6421875 0.36388888888888904
1 0.665625 0.26388888888888906 0.6421875 0.26388888888888906 0.6421875 0.4055555555555557 0.665625 0.4055555555555557
1 0.9375 0.2805555555555558 0.90625 0.2805555555555557 0.90625 0.38333333333333347 0.9375 0.38333333333333347
1 0.890625 0.28888888888888903 0.8609375 0.28888888888888903 0.8609375 0.36111111111111127 0.890625 0.36111111111111127
1 0.4625 0.45277777777777795 0.4109375 0.45277777777777795 0.4109375 0.5666666666666669 0.4625 0.5666666666666669
1 0.2671875 0.2222222222222223 0.246875 0.2222222222222223 0.246875 0.31666666666666676 0.2671875 0.31666666666666676
1 0.021875000000000026 0.32222222222222224 2.2196723234545777e-17 0.32222222222222224 2.5449691294780934e-17 0.4166666666666667 0.021875000000000026 0.4166666666666667
0 0.465625 0.5555555555555557 0.4375 0.5555555555555557 0.4375 0.6083333333333335 0.465625 0.6083333333333335
1 0.99375 0.31111111111111134 0.9578125 0.31111111111111134 0.9578125 0.42500000000000016 0.99375 0.42500000000000016
1 0.88125 0.23611111111111127 0.8546875 0.23611111111111127 0.8546875 0.33611111111111125 0.88125 0.33611111111111125
1 0.8453125 0.2333333333333335 0.821875 0.2333333333333335 0.821875 0.3166666666666668 0.8453125 0.3166666666666668
1 0.9390625 0.2416666666666669 0.915625 0.2416666666666669 0.915625 0.3055555555555558 0.9390625 0.3055555555555558
1 0.7671875 0.2305555555555557 0.74375 0.2305555555555557 0.74375 0.28888888888888903 0.7671875 0.28888888888888903
1 0.45 0.21666666666666676 0.4265625 0.21666666666666676 0.4265625 0.2472222222222223 0.45 0.2472222222222223