1 0.26875 0.2527777777777779 0.2296875 0.2527777777777779 0.2296875 0.4083333333333333 0.26875 0.4083333333333333
1 0.17031250000000003 0.28888888888888886 0.1375 0.28888888888888886 0.1375 0.45555555555555555 0.17031250000000003 0.45555555555555555
1 0.428125 0.23888888888888896 0.409375 0.23888888888888896 0.409375 0.288888888888889 0.428125 0.288888888888889
1 0.31875 0.2361111111111112 0.296875 0.2361111111111112 0.296875 0.32777777777777783 0.31875 0.32777777777777783
1 0.6203125 0.20277777777777795 0.6078125 0.20277777777777795 0.6078125 0.24166666666666684 0.6203125 0.24166666666666684
1 0.5828125 0.23888888888888904 0.565625 0.23888888888888904 0.565625 0.3194444444444446 0.5828125 0.3194444444444446
1 0.4875 0.2583333333333334 0.465625 0.2583333333333334 0.465625 0.31944444444444453 0.4875 0.31944444444444453
1 0.93125 0.27777777777777796 0.9046875 0.27777777777777796 0.9046875 0.38333333333333347 0.93125 0.38333333333333347
1 0.2796875 0.21944444444444453 0.253125 0.21944444444444453 0.253125 0.31666666666666676 0.2796875 0.31666666666666676
1 0.8453125 0.23888888888888904 0.821875 0.23888888888888904 0.821875 0.3194444444444446 0.8453125 0.3194444444444446
1 0.915625 0.21944444444444464 0.8859375 0.2194444444444446 0.8859375 0.302777777777778 0.915625 0.30277777777777803
1 0.53125 0.1972222222222223 0.509375 0.1972222222222223 0.509375 0.24444444444444452 0.53125 0.24444444444444452
1 0.69375 0.27500000000000013 0.675 0.27500000000000013 0.675 0.3722222222222224 0.69375 0.3722222222222224
1 0.6890625 0.35555555555555574 0.6703125 0.35555555555555574 0.6703125 0.48888888888888904 0.6890625 0.48888888888888904
1 0.9609375 0.26111111111111135 0.934375 0.26111111111111135 0.934375 0.327777777777778 0.9609375 0.327777777777778
1 0.990625 0.23333333333333356 0.953125 0.23333333333333356 0.953125 0.3194444444444447 0.990625 0.3194444444444447
1 1 0.34722222222222243 0.9875 0.34722222222222243 0.9875 0.4333333333333335 1 0.4333333333333335
0 0.9453125 0.31111111111111134 0.928125 0.31111111111111134 0.928125 0.3416666666666669 0.9453125 0.3416666666666669