1 0.50625 0.30277777777777787 0.465625 0.30277777777777787 0.465625 0.48611111111111127 0.50625 0.48611111111111127
1 0.06250000000000003 0.34444444444444444 0.010937500000000025 0.34444444444444444 0.010937500000000032 0.5444444444444444 0.06250000000000004 0.5444444444444444
1 0.778125 0.2333333333333335 0.7453125 0.2333333333333335 0.7453125 0.2944444444444446 0.778125 0.2944444444444446
1 0.84375 0.23611111111111127 0.821875 0.23611111111111127 0.821875 0.3250000000000002 0.84375 0.3250000000000002
1 0.6625 0.3333333333333335 0.634375 0.3333333333333335 0.634375 0.40000000000000013 0.6625 0.40000000000000013
1 0.678125 0.5333333333333334 0.6203125 0.5333333333333334 0.6203125 0.8305555555555556 0.678125 0.8305555555555556
1 0.665625 0.2305555555555557 0.6390625 0.2305555555555557 0.6390625 0.3472222222222224 0.665625 0.3472222222222224
1 0.3 0.23055555555555562 0.275 0.23055555555555562 0.275 0.32500000000000007 0.3 0.32500000000000007
1 0.4375 0.24444444444444452 0.403125 0.24444444444444452 0.403125 0.3805555555555557 0.4375 0.3805555555555557
1 0.4671875 0.23888888888888896 0.4421875 0.23888888888888896 0.4421875 0.3583333333333335 0.4671875 0.3583333333333335
1 0.5296875 0.20000000000000007 0.509375 0.20000000000000007 0.509375 0.24444444444444452 0.5296875 0.24444444444444452
1 0.5484375 0.18333333333333346 0.5328125 0.1833333333333334 0.5328125 0.238888888888889 0.5484375 0.23888888888888904
1 0.6328125 0.24166666666666684 0.6078125 0.24166666666666684 0.6078125 0.3111111111111113 0.6328125 0.3111111111111113
1 0.871875 0.20833333333333348 0.853125 0.20833333333333348 0.853125 0.25000000000000017 0.871875 0.25000000000000017
1 1 0.2666666666666669 0.9890625 0.2666666666666669 0.9890625 0.3138888888888891 1 0.3138888888888891
0 0.75 0.6388888888888891 0.728125 0.6388888888888891 0.728125 0.6805555555555557 0.75 0.6805555555555557
0 0.509375 0.32777777777777783 0.496875 0.32777777777777783 0.496875 0.35555555555555574 0.509375 0.35555555555555574