1 0.4078125 0.3777777777777779 0.3546875 0.37777777777777777 0.3546875 0.5972222222222223 0.4078125 0.5972222222222224
1 0.8984375 0.2333333333333335 0.865625 0.2333333333333335 0.865625 0.34166666666666684 0.8984375 0.34166666666666684
1 0.428125 0.23888888888888896 0.409375 0.23888888888888896 0.409375 0.29166666666666674 0.428125 0.29166666666666674
1 0.06406250000000004 0.3388888888888889 0.017187500000000022 0.3388888888888889 0.01718750000000003 0.5444444444444444 0.06406250000000005 0.5444444444444444
1 0.9265625 0.29722222222222244 0.8875 0.2972222222222224 0.8875 0.3861111111111113 0.9265625 0.3861111111111113
1 0.8125 0.24166666666666684 0.7921875 0.24166666666666684 0.7921875 0.2944444444444446 0.8125 0.2944444444444446
1 0.625 0.24722222222222237 0.6078125 0.24722222222222237 0.6078125 0.3111111111111113 0.625 0.3111111111111113
1 0.4875 0.2583333333333334 0.4625 0.2583333333333334 0.4625 0.3472222222222223 0.4875 0.3472222222222223
1 0.9890625 0.23333333333333356 0.959375 0.23333333333333356 0.959375 0.3194444444444447 0.9890625 0.3194444444444447
1 0.84375 0.23888888888888904 0.821875 0.23888888888888904 0.821875 0.3194444444444446 0.84375 0.3194444444444446
1 0.484375 0.3944444444444446 0.4390625 0.3944444444444446 0.4390625 0.502777777777778 0.484375 0.502777777777778
0 0.465625 0.4833333333333335 0.4296875 0.4833333333333335 0.4296875 0.5416666666666669 0.465625 0.5416666666666669
1 0.6609375 0.31388888888888905 0.6171875 0.31388888888888905 0.6171875 0.4222222222222224 0.6609375 0.4222222222222224
1 0.2625 0.21666666666666676 0.24375 0.21666666666666676 0.24375 0.31666666666666676 0.2625 0.31666666666666676
1 0.7640625 0.2305555555555557 0.7453125 0.2305555555555557 0.7453125 0.2833333333333335 0.7640625 0.2833333333333335
1 0.7203125 0.19722222222222238 0.7046875 0.19722222222222238 0.7046875 0.25000000000000017 0.7203125 0.25000000000000017
1 0.453125 0.21666666666666676 0.43125 0.21666666666666676 0.43125 0.2472222222222223 0.453125 0.2472222222222223
1 0.6234375 0.21111111111111128 0.60625 0.21111111111111128 0.60625 0.24722222222222237 0.6234375 0.24722222222222237