1 0.578125 0.23425925925925936 0.5578125 0.23425925925925936 0.5578125 0.313888888888889 0.578125 0.313888888888889
1 0.428125 0.19814814814814824 0.41354166666666664 0.19814814814814824 0.41354166666666664 0.2425925925925927 0.428125 0.2425925925925927
1 0.6296875 0.20000000000000015 0.609375 0.20000000000000015 0.609375 0.2462962962962964 0.6296875 0.2462962962962964
1 0.6645833333333333 0.2009259259259261 0.6427083333333333 0.2009259259259261 0.6427083333333333 0.23796296296296307 0.6645833333333333 0.23796296296296307
1 0.6927083333333334 0.23148148148148165 0.675 0.23148148148148165 0.675 0.3453703703703705 0.6927083333333334 0.3453703703703705
1 0.7526041666666666 0.264814814814815 0.7328125 0.264814814814815 0.7328125 0.3037037037037039 0.7526041666666666 0.3037037037037039
1 0.71875 0.20277777777777795 0.6994791666666667 0.20277777777777795 0.6994791666666667 0.25092592592592605 0.71875 0.25092592592592605
1 0.8203125 0.1981481481481483 0.7984375 0.1981481481481483 0.7984375 0.252777777777778 0.8203125 0.252777777777778
1 0.8447916666666667 0.2055555555555557 0.828125 0.2055555555555557 0.828125 0.252777777777778 0.8447916666666667 0.252777777777778
1 0.95625 0.22129629629629652 0.9359375 0.22129629629629652 0.9359375 0.24907407407407428 0.95625 0.24907407407407428
1 0.16354166666666667 0.24351851851851852 0.14010416666666667 0.24351851851851852 0.14010416666666667 0.32222222222222224 0.16354166666666667 0.32222222222222224