0 0.0859375 0.64765625 0.03359375 0.13359375
0 0.96640625 0.6203125 0.04140625 0.053125
1 0.109375 0.6828125 0.07734375 0.3015625
1 0.3109375 0.396875 0.03203125 0.1140625
1 0.28515625 0.2984375 0.03203125 0.0671875
1 0.19765625 0.36875 0.01953125 0.15703125
1 0.209375 0.33828125 0.0234375 0.1140625
1 0.2296875 0.32421875 0.03359375 0.15078125
1 0.24296875 0.30390625 0.01796875 0.10859375
1 0.84609375 0.57578125 0.06015625 0.23125
1 0.96953125 0.6125 0.0609375 0.246875
1 0.8296875 0.275 0.0203125 0.08203125
1 0.82109375 0.2296875 0.025 0.03046875
1 0.86796875 0.2265625 0.02734375 0.03984375
1 0.875 0.29296875 0.02578125 0.09921875
1 0.778125 0.26953125 0.02578125 0.04921875
1 0.646875 0.30625 0.0375 0.12578125
1 0.6828125 0.3046875 0.01875 0.12265625
1 0.5234375 0.228125 0.01953125 0.0328125
1 0.42578125 0.225 0.01875 0.034375