1 0.0265625 0.45859375 0.053125 0.1734375
1 0.17734375 0.36953125 0.0328125 0.175
1 0.15859375 0.36796875 0.021875 0.1515625
0 0.15234375 0.34921875 0.00703125 0.028125
1 0.328125 0.25859375 0.01953125 0.0734375
0 0.33046875 0.24453125 0.01328125 0.0234375
1 0.30625 0.2671875 0.01328125 0.07109375
1 0.29140625 0.2515625 0.01328125 0.0171875
1 0.21796875 0.2734375 0.02734375 0.09140625
1 0.478125 0.33984375 0.03046875 0.12890625
0 0.4859375 0.33671875 0.009375 0.021875
1 0.50390625 0.31796875 0.03984375 0.11640625
1 0.53203125 0.7015625 0.1140625 0.33515625
1 0.73828125 0.6734375 0.084375 0.309375
1 0.41953125 0.22734375 0.02265625 0.03515625
1 0.5203125 0.2203125 0.0171875 0.04765625
1 0.5625 0.2171875 0.0109375 0.05
1 0.5390625 0.215625 0.0109375 0.04296875
1 0.65859375 0.2265625 0.0171875 0.034375
1 0.746875 0.23515625 0.021875 0.0296875
1 0.7984375 0.2203125 0.0203125 0.04765625
1 0.79609375 0.27421875 0.028125 0.040625
1 0.77109375 0.26875 0.0171875 0.0421875
1 0.92109375 0.28046875 0.03046875 0.09375
1 0.8828125 0.23671875 0.02421875 0.02265625