1 0.059375 0.459375 0.06796875 0.18984375
1 0.1578125 0.39453125 0.034375 0.196875
1 0.16796875 0.37890625 0.02109375 0.153125
1 0.2421875 0.38125 0.0390625 0.1453125
0 0.23046875 0.38359375 0.009375 0.0328125
1 0.24765625 0.2875 0.021875 0.04609375
1 0.33359375 0.2640625 0.0171875 0.0671875
1 0.2625 0.28515625 0.03203125 0.103125
1 0.2421875 0.25078125 0.00546875 0.01015625
1 0.4921875 0.29296875 0.02578125 0.109375
1 0.51953125 0.21796875 0.01875 0.05078125
1 0.70078125 0.33671875 0.03125 0.1328125
1 0.6578125 0.2234375 0.01796875 0.0390625
1 0.6890625 0.2359375 0.01875 0.0234375
1 0.88046875 0.3125 0.01796875 0.09140625
1 0.90234375 0.3171875 0.03984375 0.1046875
1 0.96484375 0.371875 0.03515625 0.10546875
1 0.815625 0.23046875 0.01796875 0.0296875
1 0.81796875 0.2234375 0.02578125 0.0328125
1 0.8703125 0.23515625 0.021875 0.0234375
1 0.89140625 0.2359375 0.009375 0.0171875
1 0.91640625 0.28984375 0.02734375 0.1140625