1 0.10781250000000005 0.35 0.050000000000000024 0.35 0.05000000000000003 0.5194444444444445 0.10781250000000005 0.5194444444444445
1 0.17812500000000003 0.28888888888888886 0.146875 0.28888888888888886 0.14687500000000003 0.45555555555555555 0.17812500000000003 0.45555555555555555
1 0.3265625 0.2250000000000001 0.303125 0.2250000000000001 0.303125 0.31111111111111117 0.3265625 0.31111111111111117
1 0.434375 0.23888888888888896 0.4140625 0.23888888888888896 0.4140625 0.288888888888889 0.434375 0.288888888888889
1 0.221875 0.2222222222222223 0.1984375 0.2222222222222223 0.19843750000000002 0.35277777777777786 0.221875 0.35277777777777786
1 0.8734375 0.2972222222222224 0.84375 0.2972222222222224 0.84375 0.35000000000000014 0.8734375 0.35000000000000014
1 0.4875 0.2583333333333334 0.4640625 0.2583333333333334 0.4640625 0.31944444444444453 0.4875 0.31944444444444453
1 0.5234375 0.2472222222222223 0.496875 0.2472222222222223 0.496875 0.36111111111111127 0.5234375 0.36111111111111127
1 0.4734375 0.4833333333333335 0.3734375 0.4833333333333335 0.37343750000000003 0.6944444444444446 0.4734375 0.6944444444444446
1 0.4453125 0.21944444444444453 0.4265625 0.21944444444444453 0.4265625 0.25000000000000006 0.4453125 0.25000000000000006
1 0.53125 0.20277777777777786 0.5109375 0.20277777777777786 0.5109375 0.2472222222222223 0.53125 0.2472222222222223
1 0.634375 0.2194444444444446 0.6125 0.2194444444444446 0.6125 0.24722222222222237 0.634375 0.24722222222222237
1 0.665625 0.20277777777777795 0.65 0.20277777777777795 0.65 0.24722222222222237 0.665625 0.24722222222222237
1 0.84375 0.21111111111111128 0.8296875 0.21111111111111128 0.8296875 0.25000000000000017 0.84375 0.25000000000000017
1 0.7265625 0.28611111111111126 0.69375 0.28611111111111126 0.69375 0.35555555555555574 0.7265625 0.35555555555555574
1 0.8453125 0.23611111111111127 0.8234375 0.23611111111111127 0.8234375 0.30000000000000016 0.8453125 0.30000000000000016
0 0.728125 0.3444444444444446 0.7125 0.3444444444444446 0.7125 0.3722222222222224 0.728125 0.3722222222222224