1 0.4640625 0.7734375 0.1125 0.35859375
1 0.2234375 0.690625 0.071875 0.3375
1 0.0265625 0.459375 0.053125 0.1734375
1 0.17734375 0.36953125 0.0328125 0.17578125
1 0.1625 0.36875 0.028125 0.1515625
0 0.15234375 0.35234375 0.00625 0.02265625
1 0.2171875 0.27421875 0.03125 0.0875
0 0.2296875 0.2609375 0.00625 0.03125
1 0.33125 0.25625 0.015625 0.078125
1 0.30625 0.26875 0.0140625 0.071875
1 0.29375 0.25 0.00625 0.01328125
0 0.334375 0.24375 0.0078125 0.0234375
1 0.41875 0.2265625 0.028125 0.03515625
1 0.5140625 0.2203125 0.025 0.0484375
1 0.57109375 0.2953125 0.01640625 0.046875
1 0.60625 0.28359375 0.02890625 0.05234375
1 0.57578125 0.23125 0.0140625 0.025
1 0.659375 0.22578125 0.0140625 0.03671875
1 0.7296875 0.2734375 0.028125 0.0609375
1 0.76171875 0.26484375 0.025 0.05859375
1 0.73984375 0.23125 0.0203125 0.02421875
1 0.78125 0.20078125 0.00703125 0.0203125
1 0.79921875 0.2203125 0.021875 0.04453125
1 0.83359375 0.2359375 0.0140625 0.021875
1 0.88515625 0.2375 0.021875 0.021875
1 0.91640625 0.2890625 0.0296875 0.109375
1 0.96484375 0.365625 0.05234375 0.11640625