0 0.71875 0.6625 0.0390625 0.06328125
0 0.07265625 0.48984375 0.0265625 0.05703125
1 0.771875 0.6828125 0.0890625 0.2859375
1 0.109375 0.4484375 0.0453125 0.17734375
1 0.0375 0.459375 0.07421875 0.21015625
1 0.1765625 0.4484375 0.05 0.121875
1 0.153125 0.3546875 0.03515625 0.1140625
1 0.21796875 0.3 0.02890625 0.1296875
1 0.15546875 0.271875 0.01953125 0.04609375
1 0.27421875 0.25078125 0.0296875 0.04609375
1 0.29453125 0.29765625 0.02109375 0.08984375
1 0.5078125 0.30234375 0.0234375 0.11015625
1 0.68359375 0.3078125 0.01484375 0.1125
1 0.83984375 0.27890625 0.015625 0.10078125
1 0.88203125 0.35 0.03203125 0.04921875
1 0.9296875 0.37734375 0.03359375 0.05703125
1 0.94296875 0.26953125 0.0203125 0.08984375
1 0.97109375 0.28984375 0.02421875 0.05859375
1 0.81953125 0.2328125 0.02265625 0.0265625
1 0.659375 0.23046875 0.02109375 0.03671875
1 0.53359375 0.2234375 0.02109375 0.03984375