0 0.05234375 0.49296875 0.0265625 0.0515625
0 0.39453125 0.50859375 0.02109375 0.059375
0 0.08828125 0.56328125 0.02265625 0.0453125
1 0.390625 0.54453125 0.05 0.25
1 0.03046875 0.45390625 0.0609375 0.1984375
1 0.14765625 0.38515625 0.04453125 0.16171875
1 0.09921875 0.315625 0.025 0.0703125
1 0.21953125 0.30546875 0.03125 0.1296875
1 0.14921875 0.27578125 0.0234375 0.0515625
1 0.29296875 0.30390625 0.0234375 0.09765625
1 0.32109375 0.2734375 0.021875 0.059375
1 0.68125 0.30546875 0.01484375 0.10859375
1 0.659375 0.234375 0.01875 0.03203125
1 0.7890625 0.2671875 0.021875 0.05859375
1 0.74765625 0.278125 0.01953125 0.03828125
1 0.8953125 0.33828125 0.03046875 0.07109375
1 0.940625 0.3609375 0.03828125 0.09296875
1 0.9828125 0.26953125 0.03125 0.0875