1 0.17031250000000003 0.2861111111111111 0.1375 0.2861111111111111 0.1375 0.45555555555555555 0.17031250000000003 0.45555555555555555
1 0.2515625 0.2666666666666667 0.209375 0.2666666666666667 0.209375 0.42777777777777776 0.2515625 0.42777777777777776
1 0.64375 0.28611111111111126 0.6140625 0.28611111111111126 0.6140625 0.4055555555555557 0.64375 0.4055555555555557
1 0.315625 0.23333333333333342 0.28125 0.23333333333333342 0.28125 0.3472222222222223 0.315625 0.3472222222222223
1 0.4328125 0.23888888888888896 0.4125 0.23888888888888896 0.4125 0.2861111111111112 0.4328125 0.2861111111111112
1 0.8765625 0.25833333333333347 0.85625 0.25833333333333347 0.85625 0.3472222222222224 0.8765625 0.3472222222222224
1 0.4875 0.2583333333333334 0.465625 0.2583333333333334 0.465625 0.3222222222222223 0.4875 0.3222222222222223
1 0.6515625 0.23888888888888904 0.634375 0.23888888888888904 0.634375 0.34166666666666684 0.6515625 0.34166666666666684
1 0.840625 0.21111111111111128 0.825 0.21111111111111128 0.825 0.24722222222222237 0.840625 0.24722222222222237
1 0.8453125 0.25833333333333347 0.821875 0.25833333333333347 0.821875 0.3305555555555557 0.8453125 0.3305555555555557
1 0.9421875 0.3166666666666669 0.90625 0.3166666666666668 0.90625 0.38888888888888906 0.9421875 0.38888888888888906
1 0.334375 0.21388888888888896 0.3125 0.21388888888888896 0.3125 0.2944444444444445 0.334375 0.2944444444444445
1 0.4421875 0.2250000000000001 0.425 0.2250000000000001 0.425 0.2472222222222223 0.4421875 0.2472222222222223
1 0.5296875 0.20000000000000007 0.509375 0.20000000000000007 0.509375 0.2472222222222223 0.5296875 0.2472222222222223
1 0.6671875 0.20277777777777795 0.65 0.20277777777777795 0.65 0.24722222222222237 0.6671875 0.24722222222222237
1 0.71875 0.20277777777777795 0.7046875 0.20277777777777795 0.7046875 0.24722222222222237 0.71875 0.24722222222222237
1 0.6671875 0.22777777777777794 0.65625 0.22777777777777794 0.65625 0.35000000000000014 0.6671875 0.35000000000000014
0 0.6375 0.3305555555555557 0.621875 0.3305555555555557 0.621875 0.36111111111111127 0.6375 0.36111111111111127