0 0.0796875 0.5625 0.0296875 0.0359375
0 0.1109375 0.4703125 0.03046875 0.04921875
1 0.03203125 0.6171875 0.0640625 0.275
1 0.1125 0.42421875 0.04140625 0.1984375
1 0.03359375 0.44140625 0.0671875 0.1875
1 0.16484375 0.37890625 0.0390625 0.15234375
1 0.21640625 0.29921875 0.034375 0.12578125
1 0.15234375 0.2734375 0.01640625 0.0515625
1 0.4546875 0.403125 0.0390625 0.18671875
1 0.7796875 0.565625 0.0625 0.26328125
1 0.68125 0.30546875 0.01484375 0.1140625
1 0.75546875 0.275 0.02109375 0.03984375
1 0.7828125 0.28125 0.01484375 0.0328125
1 0.890625 0.29921875 0.0265625 0.121875
1 0.92734375 0.34609375 0.0421875 0.09375
1 0.9234375 0.27734375 0.025 0.07578125
1 0.9078125 0.23359375 0.01796875 0.0328125
1 0.965625 0.28671875 0.01875 0.06484375
1 0.98359375 0.27109375 0.0171875 0.0765625
1 0.98828125 0.22890625 0.0125 0.02890625
1 0.66171875 0.23203125 0.01953125 0.03046875
1 0.09609375 0.29921875 0.02578125 0.05859375