0 0.15078125 0.659375 0.0296875 0.14453125
1 0.14453125 0.70703125 0.10625 0.28671875
1 0.1515625 0.41015625 0.03359375 0.16953125
1 0.15703125 0.3734375 0.0359375 0.1734375
1 0.21015625 0.35 0.02890625 0.1203125
1 0.19375 0.3328125 0.025 0.09375
1 0.46015625 0.3140625 0.03515625 0.07578125
1 0.365625 0.26015625 0.02578125 0.059375
1 0.34296875 0.25625 0.01484375 0.078125
1 0.2578125 0.27890625 0.0296875 0.04765625
1 0.24375 0.3078125 0.021875 0.11796875
1 0.421875 0.225 0.02734375 0.03984375
1 0.6265625 0.22421875 0.015625 0.0359375
1 0.68515625 0.30390625 0.0140625 0.11875
1 0.8265625 0.27109375 0.02421875 0.08203125
1 0.87265625 0.22734375 0.02578125 0.03984375
1 0.875 0.2953125 0.0234375 0.1046875
1 0.9734375 0.2890625 0.01328125 0.059375