1 1 0.502777777777778 0.925 0.502777777777778 0.925 0.8083333333333337 1 0.8083333333333337
1 0.425 0.3666666666666668 0.3828125 0.3666666666666668 0.3828125 0.5722222222222224 0.425 0.5722222222222224
1 0.5875 0.5388888888888891 0.5078125 0.5388888888888891 0.5078125 0.8361111111111111 0.5875 0.8361111111111111
1 0.08437500000000003 0.33611111111111114 0.03281250000000002 0.33611111111111114 0.03281250000000003 0.5472222222222223 0.08437500000000005 0.5472222222222223
1 0.290625 0.2111111111111112 0.25625 0.2111111111111112 0.25625 0.31666666666666676 0.290625 0.31666666666666676
1 0.428125 0.23888888888888896 0.409375 0.23888888888888896 0.409375 0.29166666666666674 0.428125 0.29166666666666674
1 0.6390625 0.2694444444444446 0.6125 0.2694444444444446 0.6125 0.37500000000000017 0.6390625 0.37500000000000017
1 0.4859375 0.2583333333333334 0.4640625 0.2583333333333334 0.4640625 0.32500000000000007 0.4859375 0.32500000000000007
1 0.03125000000000003 0.32222222222222224 0.0031250000000000223 0.32222222222222224 0.0031250000000000258 0.41388888888888886 0.031250000000000035 0.41388888888888886
1 0.76875 0.2444444444444446 0.7515625 0.2444444444444446 0.7515625 0.2944444444444446 0.76875 0.2944444444444446
1 0.7171875 0.20277777777777795 0.7046875 0.20277777777777795 0.7046875 0.2444444444444446 0.7171875 0.2444444444444446
0 0.6359375 0.6333333333333335 0.60625 0.6333333333333335 0.60625 0.6833333333333335 0.6359375 0.6833333333333335
1 0.4484375 0.21944444444444453 0.4265625 0.21944444444444453 0.4265625 0.2472222222222223 0.4484375 0.2472222222222223
1 0.5875 0.19166666666666682 0.5734375 0.19166666666666682 0.5734375 0.2444444444444446 0.5875 0.2444444444444446
1 0.4 0.3472222222222223 0.3765625 0.3472222222222223 0.3765625 0.5333333333333334 0.4 0.5333333333333334
1 0.84375 0.21111111111111128 0.8234375 0.21111111111111128 0.8234375 0.25000000000000017 0.84375 0.25000000000000017
1 0.8765625 0.25277777777777793 0.85 0.25277777777777793 0.85 0.3333333333333335 0.8765625 0.3333333333333335
1 0.909375 0.2722222222222224 0.890625 0.27222222222222237 0.890625 0.36111111111111127 0.909375 0.36111111111111127
1 0.8953125 0.28888888888888903 0.8671875 0.28888888888888903 0.8671875 0.36388888888888904 0.8953125 0.36388888888888904
1 0.8453125 0.23611111111111127 0.821875 0.23611111111111127 0.821875 0.3027777777777779 0.8453125 0.3027777777777779
1 0.9703125 0.23333333333333356 0.940625 0.23333333333333356 0.940625 0.30277777777777803 0.9703125 0.30277777777777803