1 0.0203125 0.49296875 0.040625 0.190625
1 0.2484375 0.34921875 0.0296875 0.11875
1 0.27890625 0.328125 0.03203125 0.0984375
0 0.28828125 0.3359375 0.009375 0.03125
1 0.25859375 0.26875 0.01796875 0.08046875
0 0.265625 0.2546875 0.00859375 0.02890625
1 0.43984375 0.29609375 0.03046875 0.10859375
1 0.52890625 0.23125 0.01953125 0.0265625
1 0.66640625 0.36875 0.0453125 0.125
1 0.7078125 0.33125 0.0359375 0.1234375
0 0.7140625 0.3328125 0.0140625 0.02578125
1 0.65625 0.22265625 0.01875 0.04296875
1 0.69140625 0.23359375 0.02265625 0.02265625
1 0.91796875 0.33984375 0.0375 0.08671875
1 0.8515625 0.32734375 0.02421875 0.03359375
1 0.8328125 0.27578125 0.0234375 0.096875
1 0.9078125 0.29140625 0.028125 0.109375
1 0.79921875 0.20625 0.0125 0.0296875
1 0.81640625 0.23359375 0.0234375 0.02578125
1 0.8765625 0.2296875 0.0171875 0.028125
1 0.89140625 0.22890625 0.01796875 0.0296875