1 0.246875 0.35078125 0.03125 0.12109375
1 0.28125 0.31796875 0.02421875 0.07734375
0 0.28515625 0.3484375 0.01328125 0.034375
1 0.228125 0.26953125 0.0203125 0.09140625
1 0.2046875 0.25859375 0.015625 0.078125
1 0.23515625 0.2640625 0.01484375 0.0578125
1 0.0953125 0.2609375 0.01796875 0.06015625
1 0.446875 0.45625 0.0609375 0.20390625
1 0.4390625 0.2953125 0.02890625 0.10625
1 0.41796875 0.2265625 0.02109375 0.03203125
1 0.646875 0.38125 0.03125 0.10234375
1 0.5265625 0.2296875 0.01953125 0.0296875
1 0.65390625 0.225 0.0109375 0.03828125
1 0.709375 0.22109375 0.01796875 0.04375
1 0.89453125 0.34921875 0.03203125 0.0578125
1 0.96171875 0.36328125 0.0359375 0.1015625
1 0.78984375 0.203125 0.0140625 0.02578125
1 0.834375 0.2703125 0.021875 0.09765625
1 0.90703125 0.2859375 0.028125 0.109375
1 0.8609375 0.234375 0.01328125 0.02578125
1 0.88828125 0.228125 0.0140625 0.03203125
1 0.90234375 0.2296875 0.01328125 0.028125