1 0.15078125 0.65703125 0.05703125 0.28984375
0 0.13515625 0.61484375 0.0390625 0.13203125
0 0.446875 0.575 0.01875 0.059375
0 0.15234375 0.3984375 0.0234375 0.0453125
1 0.15703125 0.37265625 0.03203125 0.165625
1 0.203125 0.3515625 0.03046875 0.14296875
1 0.2328125 0.328125 0.0234375 0.153125
1 0.21875 0.30078125 0.0109375 0.06484375
1 0.28125 0.30078125 0.0234375 0.05703125
1 0.29453125 0.30078125 0.03203125 0.0625
1 0.2234375 0.24375 0.021875 0.03828125
1 0.20703125 0.24765625 0.01875 0.0765625
1 0.4734375 0.5328125 0.06484375 0.2515625
1 0.746875 0.40390625 0.046875 0.1546875
1 0.68359375 0.30078125 0.02265625 0.11796875
1 0.77421875 0.2734375 0.0234375 0.05390625
1 0.703125 0.23125 0.0234375 0.03671875
1 0.428125 0.22578125 0.0265625 0.0359375
1 0.9515625 0.39453125 0.046875 0.0625
1 0.9625 0.2734375 0.028125 0.09140625
1 0.9453125 0.23359375 0.021875 0.040625
1 0.86640625 0.22734375 0.021875 0.03984375
1 0.87578125 0.2921875 0.02421875 0.10546875
1 0.83515625 0.278125 0.02578125 0.096875
1 0.825 0.22734375 0.01640625 0.034375