1 0.271875 0.28333333333333344 0.225 0.28333333333333344 0.225 0.45555555555555555 0.271875 0.45555555555555555
1 0.17031250000000003 0.2861111111111111 0.1375 0.2861111111111111 0.1375 0.45555555555555555 0.17031250000000003 0.45555555555555555
1 0.4296875 0.23888888888888896 0.4109375 0.23888888888888896 0.4109375 0.29166666666666674 0.4296875 0.29166666666666674
1 0.5828125 0.23888888888888904 0.565625 0.23888888888888904 0.565625 0.3194444444444446 0.5828125 0.3194444444444446
1 0.28125 0.21944444444444453 0.2578125 0.21944444444444453 0.2578125 0.31666666666666676 0.28125 0.31666666666666676
1 0.9359375 0.277777777777778 0.9078125 0.277777777777778 0.9078125 0.3861111111111113 0.9359375 0.3861111111111113
1 0.621875 0.20000000000000015 0.6078125 0.20000000000000015 0.6078125 0.2444444444444446 0.621875 0.2444444444444446
1 0.4875 0.2583333333333334 0.4640625 0.2583333333333334 0.4640625 0.3222222222222223 0.4875 0.3222222222222223
1 0.84375 0.23888888888888904 0.821875 0.23888888888888904 0.821875 0.3194444444444446 0.84375 0.3194444444444446
1 0.709375 0.27500000000000013 0.6796875 0.27500000000000013 0.6796875 0.3694444444444446 0.709375 0.3694444444444446
1 0.2625 0.23055555555555562 0.240625 0.23055555555555562 0.240625 0.31666666666666676 0.2625 0.31666666666666676
1 0.9078125 0.22777777777777797 0.8796875 0.22777777777777794 0.8796875 0.33333333333333354 0.9078125 0.3333333333333336
1 0.5296875 0.20000000000000007 0.5109375 0.20000000000000007 0.5109375 0.24444444444444452 0.5296875 0.24444444444444452
1 0.7203125 0.20000000000000015 0.7046875 0.20000000000000015 0.7046875 0.2444444444444446 0.7203125 0.2444444444444446
1 1 0.23333333333333356 0.971875 0.23333333333333356 0.971875 0.31111111111111134 1 0.31111111111111134
1 0.7 0.3166666666666668 0.6765625 0.3166666666666668 0.6765625 0.3861111111111113 0.7 0.3861111111111113
0 0.7 0.37777777777777793 0.6828125 0.37777777777777793 0.6828125 0.41111111111111126 0.7 0.41111111111111126