1 0.17708333333333334 0.23518518518518525 0.14583333333333334 0.23518518518518525 0.14583333333333334 0.30185185185185187 0.17708333333333334 0.30185185185185187
1 0.06770833333333336 0.30277777777777776 0.03072916666666669 0.30277777777777776 0.030729166666666693 0.39444444444444443 0.06770833333333336 0.39444444444444443
1 0.42864583333333334 0.2027777777777779 0.4078125 0.2027777777777779 0.4078125 0.25092592592592605 0.42864583333333334 0.25092592592592605
1 0.6109375 0.23148148148148162 0.5921875 0.2314814814814816 0.5921875 0.313888888888889 0.6109375 0.313888888888889
1 0.6348958333333333 0.19722222222222238 0.6130208333333333 0.19722222222222238 0.6130208333333333 0.2527777777777779 0.6348958333333333 0.2527777777777779
1 0.7192708333333333 0.20000000000000015 0.7036458333333333 0.20000000000000015 0.7036458333333333 0.24814814814814826 0.7192708333333333 0.24814814814814826
1 0.8161458333333333 0.19166666666666682 0.8005208333333333 0.19166666666666682 0.8005208333333333 0.2462962962962965 0.8161458333333333 0.2462962962962965
1 0.840625 0.20277777777777795 0.8213541666666667 0.20277777777777795 0.8213541666666667 0.25185185185185205 0.840625 0.25185185185185205
1 0.9479166666666666 0.21574074074074095 0.9302083333333333 0.21574074074074095 0.9302083333333333 0.25555555555555576 0.9479166666666666 0.25555555555555576
1 0.9854166666666667 0.2314814814814817 0.9630208333333333 0.2314814814814817 0.9630208333333333 0.32685185185185206 0.9854166666666667 0.32685185185185206
1 0.5875 0.24074074074074084 0.5708333333333333 0.24074074074074084 0.5708333333333333 0.32222222222222235 0.5875 0.32222222222222235