0 0.04921875 0.49140625 0.025 0.05703125
1 0.02265625 0.46796875 0.04453125 0.1984375
1 0.19921875 0.3515625 0.02890625 0.14921875
1 0.23046875 0.3 0.03671875 0.12734375
1 0.1484375 0.27890625 0.021875 0.06875
0 0.35234375 0.4765625 0.0203125 0.05390625
1 0.3625 0.515625 0.03984375 0.23515625
1 0.3484375 0.28359375 0.025 0.05390625
1 0.64609375 0.334375 0.03359375 0.14296875
1 0.68203125 0.3046875 0.01171875 0.11484375
1 0.7984375 0.26484375 0.0328125 0.0625
1 0.83203125 0.23359375 0.02265625 0.03828125
1 0.659375 0.2328125 0.01796875 0.034375
1 0.9015625 0.33984375 0.0265625 0.0796875
1 0.87421875 0.2984375 0.0296875 0.10703125
1 0.95078125 0.3609375 0.04296875 0.09765625
1 0.92890625 0.2828125 0.02890625 0.08984375
1 0.97890625 0.26953125 0.0390625 0.0859375
1 0.8890625 0.23203125 0.0171875 0.0359375
1 0.90859375 0.2328125 0.0203125 0.03671875