1 0.02578125 0.3625 0.028125 0.09375
1 0.1921875 0.34375 0.0296875 0.13515625
1 0.20703125 0.3296875 0.03125 0.14609375
1 0.25703125 0.325 0.0265625 0.125
1 0.2734375 0.27265625 0.02578125 0.08828125
1 0.43359375 0.35859375 0.025 0.15234375
0 0.43828125 0.3265625 0.015625 0.04453125
1 0.45625 0.3625 0.01953125 0.109375
1 0.51640625 0.21953125 0.0203125 0.046875
1 0.5625 0.2171875 0.0109375 0.05078125
1 0.73125 0.2671875 0.01953125 0.05
1 0.71328125 0.22265625 0.0125 0.0359375
1 0.7609375 0.22109375 0.01484375 0.0453125
1 0.81796875 0.22421875 0.0234375 0.0421875
1 0.83671875 0.22734375 0.015625 0.034375
1 0.90625 0.23203125 0.01640625 0.02578125
1 0.95546875 0.2359375 0.0234375 0.03125
1 0.9703125 0.278125 0.0328125 0.07890625