1 0.11328125 0.425 0.04453125 0.196875
1 0.03515625 0.44296875 0.06484375 0.190625
0 0.11640625 0.46328125 0.02890625 0.0515625
1 0.2125 0.35078125 0.02890625 0.1296875
1 0.26953125 0.3484375 0.02890625 0.12265625
1 0.2171875 0.29921875 0.03046875 0.12265625
1 0.7109375 0.4359375 0.0390625 0.2078125
0 0.759375 0.4515625 0.02578125 0.06484375
1 0.775 0.4640625 0.04140625 0.225
1 0.68203125 0.30625 0.01328125 0.11484375
1 0.53125 0.22421875 0.0140625 0.040625
1 0.1671875 0.26875 0.01796875 0.05
1 0.9140625 0.3015625 0.02578125 0.1296875
1 0.9765625 0.278125 0.0234375 0.040625
1 0.9828125 0.253125 0.015625 0.03828125
1 0.984375 0.23046875 0.00859375 0.0265625
1 0.990625 0.2921875 0.01875 0.0453125
1 0.93125 0.2703125 0.0125 0.06484375
1 0.79921875 0.2109375 0.02109375 0.0359375