1 0.03984375 0.45859375 0.05234375 0.1828125
1 0.184375 0.35078125 0.03203125 0.16640625
1 0.19453125 0.3421875 0.0234375 0.1390625
1 0.2359375 0.28359375 0.028125 0.11171875
1 0.325 0.26015625 0.01875 0.06484375
1 0.3375 0.2796875 0.01171875 0.05078125
0 0.328125 0.265625 0.00859375 0.02265625
1 0.2140625 0.27734375 0.02421875 0.09609375
1 0.52265625 0.2203125 0.01640625 0.0453125
1 0.70546875 0.33046875 0.03671875 0.1453125
1 0.71484375 0.21875 0.0125 0.03515625
1 0.771875 0.28046875 0.01875 0.03046875
1 0.79453125 0.26875 0.0203125 0.04921875
1 0.7734375 0.21640625 0.0140625 0.03828125
1 0.975 0.27734375 0.02578125 0.0828125
1 0.93828125 0.2328125 0.01796875 0.03359375
1 0.95859375 0.2359375 0.01796875 0.0296875