1 0.88046875 0.74140625 0.1125 0.3015625
1 0.03828125 0.4578125 0.0578125 0.17265625
1 0.16484375 0.39453125 0.034375 0.196875
1 0.203125 0.39140625 0.0390625 0.12421875
0 0.19453125 0.41484375 0.009375 0.0328125
1 0.24765625 0.315625 0.0234375 0.10546875
1 0.2828125 0.290625 0.02734375 0.10625
1 0.328125 0.26328125 0.02265625 0.0578125
1 0.25546875 0.246875 0.015625 0.04375
1 0.2640625 0.24765625 0.01015625 0.03125
1 0.71328125 0.38203125 0.03515625 0.16171875
1 0.528125 0.27109375 0.01875 0.05859375
1 0.5234375 0.2203125 0.01484375 0.04921875
1 0.5640625 0.228125 0.0203125 0.0328125
1 0.65625 0.22265625 0.0171875 0.040625
1 0.80390625 0.22578125 0.01328125 0.03984375
1 0.815625 0.23203125 0.01796875 0.03046875
1 0.79921875 0.20703125 0.00859375 0.01875
1 0.87421875 0.28671875 0.02109375 0.1234375
1 0.88125 0.31328125 0.01796875 0.09140625
1 0.903125 0.3171875 0.03359375 0.10546875
1 0.97109375 0.3734375 0.028125 0.1
1 0.92109375 0.26875 0.0296875 0.071875
1 0.70859375 0.22890625 0.0140625 0.028125