1 0.06250000000000008 0.51875 6.352855270576895e-17 0.51875 8.065447278759521e-17 0.7984375 0.06250000000000008 0.7984375
0 0.031250000000000076 0.5640625 6.907773351440539e-17 0.5640625 7.787988238327699e-17 0.7078125 0.03125000000000009 0.7078125
1 0.9734375 0.3421875000000001 0.9421875 0.3421875000000001 0.9421875 0.4203125000000002 0.9734375 0.4203125000000002
1 1 0.3812500000000001 0.975 0.3812500000000001 0.975 0.4421875000000002 1 0.4421875000000002
1 0.990625 0.23437500000000008 0.965625 0.23437500000000008 0.965625 0.3156250000000001 0.990625 0.3156250000000001
1 0.953125 0.2406250000000001 0.93125 0.2406250000000001 0.93125 0.3265625000000001 0.953125 0.3265625000000001
1 0.934375 0.25468750000000007 0.9125 0.25468750000000007 0.9125 0.33281250000000007 0.934375 0.33281250000000007
1 0.9 0.23437500000000008 0.8703125 0.23437500000000008 0.8703125 0.34843750000000007 0.9 0.34843750000000007
1 0.915625 0.22031250000000008 0.8921875 0.22031250000000008 0.8921875 0.3453125000000001 0.915625 0.3453125000000001
1 0.821875 0.23437500000000008 0.79375 0.23437500000000008 0.79375 0.2968750000000001 0.821875 0.2968750000000001
1 0.7 0.2671875000000001 0.675 0.2671875000000001 0.675 0.40625 0.7 0.40625
1 0.7015625 0.2500000000000001 0.6796875 0.2500000000000001 0.6796875 0.2890625000000001 0.7015625 0.2890625000000001
1 0.2875 0.23125 0.259375 0.23125 0.259375 0.315625 0.2875 0.315625