1 0.17031250000000003 0.2861111111111111 0.1375 0.2861111111111111 0.1375 0.45555555555555555 0.17031250000000003 0.45555555555555555
1 0.10468750000000002 0.32222222222222224 0.057812500000000024 0.32222222222222224 0.05781250000000003 0.5333333333333333 0.10468750000000004 0.5333333333333333
1 0.653125 0.2944444444444446 0.628125 0.2944444444444446 0.628125 0.41111111111111126 0.653125 0.41111111111111126
1 0.7125 0.26388888888888906 0.684375 0.26388888888888906 0.684375 0.4055555555555557 0.7125 0.4055555555555557
1 0.8359375 0.21111111111111128 0.815625 0.21111111111111128 0.815625 0.24722222222222237 0.8359375 0.24722222222222237
1 0.4328125 0.23888888888888896 0.4125 0.23888888888888896 0.4125 0.288888888888889 0.4328125 0.288888888888889
1 0.4828125 0.24166666666666675 0.446875 0.24166666666666675 0.446875 0.37777777777777793 0.4828125 0.37777777777777793
1 0.3328125 0.21388888888888896 0.3109375 0.21388888888888896 0.3109375 0.2944444444444445 0.3328125 0.2944444444444445
1 1 0.31111111111111134 0.9765625 0.31111111111111134 0.9765625 0.4333333333333335 1 0.4333333333333335
1 0.84375 0.23888888888888904 0.821875 0.23888888888888904 0.821875 0.32222222222222235 0.84375 0.32222222222222235
1 0.4875 0.2527777777777779 0.4671875 0.2527777777777779 0.4671875 0.3222222222222223 0.4875 0.3222222222222223
1 0.5296875 0.20000000000000007 0.5078125 0.20000000000000007 0.5078125 0.2472222222222223 0.5296875 0.2472222222222223
1 0.4171875 0.21388888888888896 0.396875 0.21388888888888896 0.396875 0.25000000000000006 0.4171875 0.25000000000000006
1 0.653125 0.23611111111111127 0.6328125 0.23611111111111127 0.6328125 0.3027777777777779 0.653125 0.3027777777777779
1 0.7203125 0.20000000000000015 0.7015625 0.20000000000000015 0.7015625 0.24722222222222237 0.7203125 0.24722222222222237
1 0.8 0.24722222222222237 0.7828125 0.24722222222222237 0.7828125 0.28888888888888903 0.8 0.28888888888888903
0 0.7015625 0.3111111111111113 0.6921875 0.3111111111111113 0.6921875 0.3388888888888891 0.7015625 0.3388888888888891