1 0.3359375 0.65859375 0.07265625 0.30703125
1 0.0296875 0.44921875 0.05859375 0.196875
0 0.05078125 0.49296875 0.02734375 0.0625
1 0.1484375 0.3828125 0.04609375 0.15234375
1 0.065625 0.32578125 0.0265625 0.06328125
1 0.2203125 0.303125 0.0359375 0.13203125
1 0.29140625 0.30546875 0.02421875 0.10078125
1 0.31015625 0.27734375 0.02578125 0.07578125
1 0.790625 0.26484375 0.0203125 0.05390625
1 0.77578125 0.278125 0.01875 0.0328125
1 0.8828125 0.33203125 0.02734375 0.06328125
1 0.91484375 0.3546875 0.03203125 0.07109375
1 0.97890625 0.2671875 0.034375 0.0796875
1 0.91015625 0.23359375 0.02265625 0.03046875
1 0.6828125 0.30390625 0.01171875 0.12421875