0 0.4390625 0.5875 0.021875 0.05859375
0 0.13828125 0.61875 0.040625 0.12578125
0 0.1515625 0.40703125 0.02578125 0.03671875
1 0.153125 0.6625 0.071875 0.29921875
1 0.14921875 0.37421875 0.03828125 0.16640625
1 0.1703125 0.3515625 0.03671875 0.14296875
1 0.19453125 0.3453125 0.02734375 0.13203125
1 0.21875 0.32734375 0.025 0.12578125
1 0.234375 0.31640625 0.02578125 0.14921875
1 0.2515625 0.3078125 0.015625 0.1125
1 0.26484375 0.28671875 0.0203125 0.09296875
1 0.25625 0.23828125 0.0234375 0.04765625
1 0.2921875 0.303125 0.040625 0.06640625
1 0.46328125 0.53671875 0.0546875 0.23828125
1 0.7625 0.41953125 0.0453125 0.1484375
1 0.72578125 0.39296875 0.02890625 0.1453125
1 0.68515625 0.30546875 0.01953125 0.1140625
1 0.7046875 0.23125 0.025 0.03203125
1 0.425 0.228125 0.03046875 0.0359375
1 0.809375 0.27265625 0.0234375 0.04765625
1 0.834375 0.275 0.0234375 0.0875
1 0.828125 0.2265625 0.0125 0.03046875
1 0.903125 0.23203125 0.02265625 0.0328125
1 0.875 0.29609375 0.0234375 0.10078125
1 0.95859375 0.2765625 0.02578125 0.09765625