1 0.65625 0.5138888888888891 0.60625 0.5138888888888891 0.60625 0.8027777777777778 0.65625 0.8027777777777778
1 0.2921875 0.2361111111111112 0.2609375 0.2361111111111112 0.2609375 0.3638888888888889 0.2921875 0.3638888888888889
1 0.665625 0.2305555555555557 0.6390625 0.2305555555555557 0.6390625 0.35000000000000014 0.665625 0.35000000000000014
1 0.05937500000000003 0.3388888888888889 0.010937500000000022 0.3388888888888889 0.01093750000000003 0.5472222222222223 0.059375000000000046 0.5472222222222223
1 0.5734375 0.24166666666666684 0.55 0.24166666666666684 0.55 0.3194444444444446 0.5734375 0.3194444444444446
1 0.521875 0.3000000000000001 0.484375 0.3000000000000001 0.484375 0.4055555555555557 0.521875 0.4055555555555557
1 0.5203125 0.20000000000000007 0.5015625 0.20000000000000007 0.5015625 0.24166666666666675 0.5203125 0.24166666666666675
1 0.4953125 0.29166666666666674 0.4703125 0.29166666666666674 0.4703125 0.40277777777777796 0.4953125 0.40277777777777796
1 0.84375 0.23611111111111127 0.8203125 0.23611111111111127 0.8203125 0.3250000000000002 0.84375 0.3250000000000002
1 0.5546875 0.3472222222222223 0.5125 0.3472222222222223 0.5125 0.4083333333333335 0.5546875 0.4083333333333335
1 1 0.2666666666666669 0.9875 0.2666666666666669 0.9875 0.3138888888888891 1 0.3138888888888891
1 1 0.3861111111111113 0.9796875 0.3861111111111113 0.9796875 0.43888888888888905 1 0.43888888888888905
1 0.48125 0.25555555555555565 0.4484375 0.25555555555555565 0.4484375 0.35277777777777786 0.48125 0.35277777777777786
1 0.7203125 0.20000000000000015 0.7015625 0.20000000000000015 0.7015625 0.2444444444444446 0.7203125 0.2444444444444446
1 0.771875 0.22222222222222238 0.740625 0.22222222222222238 0.740625 0.2972222222222224 0.771875 0.2972222222222224
1 0.878125 0.21388888888888904 0.8546875 0.21388888888888904 0.8546875 0.25277777777777793 0.878125 0.25277777777777793
0 0.75 0.6388888888888891 0.728125 0.6388888888888891 0.728125 0.6777777777777779 0.75 0.6777777777777779
0 0.4921875 0.37500000000000017 0.4796875 0.37500000000000017 0.4796875 0.40277777777777796 0.4921875 0.40277777777777796
0 0.5203125 0.3583333333333335 0.509375 0.3583333333333335 0.509375 0.39166666666666683 0.5203125 0.39166666666666683