1 0.11171875 0.42578125 0.04453125 0.19296875
0 0.1171875 0.46328125 0.02890625 0.05546875
1 0.034375 0.44296875 0.0671875 0.20078125
1 0.2125 0.34765625 0.028125 0.12734375
1 0.215625 0.29921875 0.02890625 0.121875
1 0.16796875 0.26796875 0.0234375 0.05390625
1 0.29453125 0.3109375 0.02421875 0.0765625
1 0.728125 0.48984375 0.04296875 0.234375
1 0.8078125 0.46640625 0.06171875 0.21328125
0 0.8 0.45859375 0.03046875 0.0671875
1 0.9328125 0.284375 0.02890625 0.08984375
1 0.97890625 0.271875 0.021875 0.08828125
1 0.99296875 0.28125 0.0140625 0.05625
1 0.51953125 0.22109375 0.01875 0.034375
0 0.08359375 0.5625 0.025 0.03671875
1 0.68203125 0.3046875 0.0125 0.11484375