0 0.1703125 0.6453125 0.0359375 0.13984375
1 0.1640625 0.68359375 0.08671875 0.30390625
1 0.43984375 0.39140625 0.04375 0.17421875
1 0.49140625 0.2859375 0.0375 0.10546875
1 0.2796875 0.32890625 0.02578125 0.128125
1 0.2421875 0.30625 0.02265625 0.1125
1 0.2109375 0.34921875 0.025 0.121875
1 0.19375 0.32109375 0.0171875 0.0765625
1 0.17890625 0.353125 0.046875 0.17421875
1 0.1484375 0.3890625 0.0375 0.16171875
1 0.684375 0.30625 0.01640625 0.1203125
1 0.8359375 0.2765625 0.0234375 0.08203125
1 0.809375 0.23515625 0.0234375 0.025
1 0.8703125 0.22734375 0.0265625 0.03984375
1 0.875 0.296875 0.02265625 0.1046875
1 0.90625 0.2296875 0.01875 0.03046875
1 0.9578125 0.28828125 0.02421875 0.0765625
1 0.92578125 0.2953125 0.0234375 0.06640625