1 0.1125 0.4234375 0.053125 0.2140625
1 0.134375 0.40390625 0.03046875 0.175
1 0.24921875 0.34921875 0.028125 0.11953125
1 0.27890625 0.3265625 0.03046875 0.0953125
0 0.2890625 0.33515625 0.00859375 0.03125
1 0.2625 0.26875 0.015625 0.096875
1 0.2421875 0.2515625 0.00625 0.01328125
1 0.25234375 0.27265625 0.0078125 0.0734375
1 0.44453125 0.29375 0.0265625 0.1078125
1 0.521875 0.22265625 0.01875 0.0390625
1 0.56484375 0.22890625 0.01484375 0.02890625
1 0.66015625 0.22265625 0.01484375 0.0390625
1 0.69140625 0.234375 0.01640625 0.01796875
1 0.7109375 0.22265625 0.015625 0.03984375
1 0.81796875 0.259375 0.01875 0.06953125
1 0.84609375 0.30078125 0.03125 0.0453125
1 0.8625 0.2875 0.01796875 0.0453125
1 0.91484375 0.28046875 0.02890625 0.09453125
1 0.87578125 0.2296875 0.01640625 0.03203125
1 0.95859375 0.22890625 0.028125 0.034375