1 0.053125 0.44140625 0.0484375 0.20234375
0 0.11875 0.46015625 0.03046875 0.05
1 0.11484375 0.4203125 0.04921875 0.2
1 0.21875 0.76484375 0.10625 0.32265625
1 0.2125 0.34921875 0.03046875 0.121875
1 0.21796875 0.29765625 0.0296875 0.12421875
1 0.16640625 0.2671875 0.0203125 0.05
1 0.4453125 0.29765625 0.025 0.1109375
1 0.77265625 0.421875 0.040625 0.19296875
0 0.78046875 0.42109375 0.0234375 0.059375
1 0.68203125 0.30859375 0.015625 0.1140625
1 0.846875 0.29921875 0.02578125 0.0703125
1 0.9359375 0.28203125 0.0265625 0.09140625
1 0.9453125 0.23515625 0.03125 0.03203125