1 0.17239583333333333 0.23518518518518525 0.1390625 0.23518518518518525 0.1390625 0.3055555555555556 0.17239583333333333 0.3055555555555556
1 0.42604166666666665 0.2074074074074075 0.4078125 0.2074074074074075 0.4078125 0.25092592592592605 0.42604166666666665 0.25092592592592605
1 0.628125 0.20370370370370386 0.6109375 0.20370370370370386 0.6109375 0.2453703703703705 0.628125 0.2453703703703705
1 0.6161458333333333 0.23703703703703713 0.5916666666666667 0.23703703703703713 0.5916666666666667 0.29722222222222233 0.6161458333333333 0.29722222222222233
1 0.584375 0.23333333333333345 0.5713541666666667 0.23333333333333345 0.5713541666666667 0.3175925925925927 0.584375 0.3175925925925927
1 0.7234375 0.2009259259259261 0.7067708333333333 0.2009259259259261 0.7067708333333333 0.24444444444444455 0.7234375 0.24444444444444455
1 0.815625 0.19722222222222238 0.8 0.19722222222222238 0.8 0.2425925925925928 0.815625 0.2425925925925928
1 0.834375 0.20370370370370386 0.8229166666666666 0.20370370370370386 0.8229166666666666 0.25370370370370393 0.834375 0.25370370370370393
1 0.95625 0.21851851851851872 0.934375 0.21851851851851872 0.934375 0.252777777777778 0.95625 0.252777777777778
1 0.9958333333333333 0.227777777777778 0.9723958333333333 0.227777777777778 0.9723958333333333 0.3351851851851854 0.9958333333333333 0.3351851851851854
1 0.7614583333333333 0.2583333333333335 0.7411458333333333 0.2583333333333335 0.7411458333333333 0.3000000000000002 0.7614583333333333 0.3000000000000002