1 0.153125 0.715625 0.07265625 0.29609375
1 0.1421875 0.42890625 0.03671875 0.1828125
1 0.0890625 0.42265625 0.040625 0.21796875
1 0.2109375 0.35078125 0.0234375 0.11875
1 0.19296875 0.34765625 0.0234375 0.13203125
1 0.2671875 0.2734375 0.02734375 0.053125
1 0.29296875 0.28671875 0.02578125 0.096875
1 0.3140625 0.25859375 0.025 0.08046875
1 0.33125 0.2609375 0.0296875 0.08046875
1 0.62109375 0.31328125 0.021875 0.11875
1 0.68359375 0.30546875 0.01875 0.12421875
1 0.7625 0.221875 0.01796875 0.04765625
1 0.86796875 0.3046875 0.03203125 0.08828125
1 0.9390625 0.35546875 0.0453125 0.09140625
1 0.83984375 0.27890625 0.0171875 0.0953125
1 0.8640625 0.2265625 0.01484375 0.04375
1 0.98671875 0.41640625 0.02578125 0.04765625
0 0.159375 0.66875 0.03515625 0.15234375
0 0.08671875 0.6703125 0.04609375 0.03984375