0 0.1171875 0.46328125 0.03203125 0.05546875
0 0.0796875 0.5625 0.028125 0.040625
1 0.1125 0.42734375 0.04453125 0.19296875
1 0.0328125 0.4453125 0.065625 0.175
1 0.22890625 0.3859375 0.03828125 0.1375
1 0.209375 0.32578125 0.0203125 0.078125
1 0.21640625 0.28046875 0.03125 0.084375
1 0.159375 0.2609375 0.0140625 0.0421875
1 0.68046875 0.41171875 0.01171875 0.103125
1 0.690625 0.37109375 0.02578125 0.16015625
1 0.6609375 0.23125 0.01796875 0.03203125
1 0.5625 0.2265625 0.0171875 0.03984375
1 0.803125 0.215625 0.01875 0.034375
1 0.88984375 0.29921875 0.0234375 0.121875
1 0.9328125 0.28125 0.025 0.05390625
1 0.97265625 0.290625 0.02265625 0.04921875
1 0.98359375 0.271875 0.01953125 0.0703125
1 0.98515625 0.22734375 0.01484375 0.02109375
1 0.921875 0.28046875 0.01875 0.0796875
1 0.90625 0.2328125 0.0171875 0.02890625
1 0.68515625 0.2765625 0.0140625 0.0609375