1 0.13984375 0.7046875 0.115625 0.29921875
0 0.14921875 0.66171875 0.03671875 0.146875
1 0.153125 0.409375 0.03515625 0.1703125
1 0.1265625 0.3984375 0.040625 0.20390625
1 0.20859375 0.35078125 0.02890625 0.12421875
1 0.1921875 0.34609375 0.02578125 0.12578125
1 0.2640625 0.31328125 0.028125 0.121875
1 0.24140625 0.30859375 0.015625 0.1140625
1 0.32265625 0.25703125 0.0296875 0.0671875
1 0.4859375 0.32734375 0.0390625 0.12578125
1 0.43203125 0.22578125 0.02421875 0.0359375
1 0.68515625 0.3046875 0.01875 0.11796875
1 0.83671875 0.28203125 0.02109375 0.08984375
1 0.8796875 0.2953125 0.0265625 0.103125
1 0.75234375 0.2125 0.02265625 0.03046875
1 0.87265625 0.22421875 0.02265625 0.0359375
1 0.9046875 0.228125 0.0203125 0.0328125
1 0.98359375 0.64453125 0.03203125 0.18671875