1 0.1234375 0.684375 0.0703125 0.303125
0 0.1 0.63984375 0.03046875 0.121875
0 0.04140625 0.62421875 0.046875 0.0453125
0 0.46484375 0.50390625 0.0140625 0.03984375
1 0.44453125 0.4890625 0.04609375 0.23046875
1 0.14375 0.459375 0.05078125 0.17421875
1 0.0734375 0.40625 0.0421875 0.12734375
1 0.171875 0.353125 0.03359375 0.1484375
1 0.19609375 0.346875 0.0265625 0.13515625
1 0.2203125 0.3296875 0.02109375 0.12578125
1 0.140625 0.2875 0.02734375 0.08359375
1 0.240625 0.31171875 0.02421875 0.14921875
1 0.24609375 0.26953125 0.0125 0.04609375
1 0.2859375 0.29609375 0.0296875 0.06328125
1 0.36640625 0.2734375 0.0265625 0.0765625
1 0.40859375 0.3125 0.0234375 0.10703125
1 0.77578125 0.46328125 0.053125 0.17734375
1 0.74375 0.41875 0.0375 0.1546875
1 0.68359375 0.30703125 0.0171875 0.11640625
1 0.7046875 0.23046875 0.02109375 0.0359375
1 0.4234375 0.225 0.02265625 0.0421875
1 0.84140625 0.2953125 0.0171875 0.0765625
1 0.82890625 0.27421875 0.0203125 0.08046875
1 0.87578125 0.29609375 0.0234375 0.10546875
1 0.96796875 0.2859375 0.021875 0.0765625
1 0.965625 0.2515625 0.02109375 0.05
1 0.90625 0.23046875 0.01875 0.0359375
1 0.83671875 0.225 0.0140625 0.03671875
1 0.82109375 0.23046875 0.01484375 0.0328125