1 0.6828125 0.2944444444444446 0.6453125 0.2944444444444446 0.6453125 0.4416666666666668 0.6828125 0.4416666666666668
1 0.428125 0.23888888888888896 0.409375 0.23888888888888896 0.409375 0.29166666666666674 0.428125 0.29166666666666674
1 0.06406250000000004 0.33611111111111114 0.01562500000000002 0.33611111111111114 0.01562500000000003 0.5444444444444444 0.06406250000000005 0.5444444444444444
1 0.7625 0.2305555555555557 0.74375 0.2305555555555557 0.74375 0.28888888888888903 0.7625 0.28888888888888903
1 0.4171875 0.38333333333333347 0.3671875 0.38333333333333347 0.3671875 0.5944444444444446 0.4171875 0.5944444444444446
1 0.4875 0.2583333333333334 0.4625 0.2583333333333334 0.4625 0.3472222222222223 0.4875 0.3472222222222223
1 0.259375 0.21388888888888896 0.23125 0.21388888888888896 0.23125 0.31666666666666676 0.259375 0.31666666666666676
1 0.020312500000000025 0.32222222222222224 0.0031250000000000223 0.32222222222222224 0.0031250000000000258 0.41388888888888886 0.02031250000000003 0.41388888888888886
1 0.46875 0.4083333333333335 0.4203125 0.4083333333333335 0.4203125 0.5000000000000001 0.46875 0.5000000000000001
0 0.459375 0.5055555555555558 0.425 0.5055555555555558 0.425 0.5722222222222224 0.459375 0.5722222222222224
1 0.9046875 0.29166666666666685 0.8703125 0.29166666666666685 0.8703125 0.37500000000000017 0.9046875 0.37500000000000017
1 0.8921875 0.2305555555555557 0.85625 0.2305555555555557 0.85625 0.33611111111111125 0.8921875 0.33611111111111125
1 0.859375 0.23888888888888904 0.8328125 0.23888888888888904 0.8328125 0.33611111111111125 0.859375 0.33611111111111125
1 0.99375 0.22222222222222246 0.9625 0.22222222222222246 0.9625 0.31666666666666693 0.99375 0.31666666666666693
1 0.940625 0.27777777777777796 0.903125 0.27777777777777796 0.903125 0.3805555555555557 0.940625 0.3805555555555557
1 0.4484375 0.21944444444444453 0.4265625 0.21944444444444453 0.4265625 0.2472222222222223 0.4484375 0.2472222222222223
1 0.634375 0.21388888888888904 0.6125 0.21388888888888904 0.6125 0.24722222222222237 0.634375 0.24722222222222237
1 0.71875 0.19722222222222238 0.703125 0.19722222222222238 0.703125 0.2444444444444446 0.71875 0.2444444444444446