1 0.05859375 0.4671875 0.0625 0.196875
1 0.184375 0.34375 0.03359375 0.16328125
1 0.22421875 0.278125 0.02265625 0.09765625
1 0.31171875 0.27421875 0.02109375 0.078125
1 0.33046875 0.27734375 0.01484375 0.03671875
1 0.2078125 0.27421875 0.01796875 0.09765625
0 0.31640625 0.2703125 0.0109375 0.02578125
1 0.521875 0.21796875 0.0171875 0.0515625
1 0.5796875 0.22578125 0.01171875 0.03125
1 0.7078125 0.22265625 0.0203125 0.0390625
1 0.74375 0.27578125 0.02265625 0.03515625
1 0.79375 0.2671875 0.0203125 0.0546875
1 0.7609375 0.221875 0.01796875 0.04375
1 0.79453125 0.21953125 0.01484375 0.046875
1 0.97734375 0.27890625 0.03125 0.08515625
1 0.9578125 0.2359375 0.01953125 0.03125
1 0.6578125 0.2234375 0.0171875 0.03671875