1 0.725 0.3194444444444446 0.6859375 0.3194444444444446 0.6859375 0.5083333333333335 0.725 0.5083333333333335
1 0.06250000000000003 0.34444444444444444 0.010937500000000025 0.34444444444444444 0.010937500000000032 0.5444444444444444 0.06250000000000004 0.5444444444444444
1 0.6734375 0.5361111111111113 0.6234375 0.5361111111111113 0.6234375 0.8222222222222222 0.6734375 0.8222222222222222
1 0.659375 0.24166666666666684 0.6296875 0.24166666666666684 0.6296875 0.3694444444444446 0.659375 0.3694444444444446
1 0.4953125 0.288888888888889 0.46875 0.288888888888889 0.46875 0.43888888888888905 0.4953125 0.43888888888888905
1 0.428125 0.23888888888888896 0.40625 0.23888888888888896 0.40625 0.288888888888889 0.428125 0.288888888888889
1 0.6484375 0.3166666666666668 0.6203125 0.3166666666666668 0.6203125 0.4055555555555557 0.6484375 0.4055555555555557
1 0.2453125 0.2222222222222223 0.2171875 0.2222222222222223 0.2171875 0.31944444444444453 0.2453125 0.31944444444444453
1 0.859375 0.27500000000000013 0.8234375 0.27500000000000013 0.8234375 0.3388888888888891 0.859375 0.3388888888888891
1 0.1109375 0.23333333333333334 0.08750000000000002 0.23333333333333334 0.08750000000000002 0.2916666666666667 0.1109375 0.2916666666666667
1 0.5015625 0.28333333333333344 0.4828125 0.28333333333333344 0.4828125 0.4333333333333335 0.5015625 0.4333333333333335
1 0.5296875 0.20000000000000007 0.509375 0.20000000000000007 0.509375 0.24444444444444452 0.5296875 0.24444444444444452
1 0.546875 0.188888888888889 0.534375 0.18888888888888897 0.534375 0.238888888888889 0.546875 0.23888888888888904
1 0.7515625 0.23611111111111127 0.725 0.23611111111111127 0.725 0.3027777777777779 0.7515625 0.3027777777777779
1 0.7625 0.23611111111111127 0.74375 0.23611111111111127 0.74375 0.2944444444444446 0.7625 0.2944444444444446
1 0.7984375 0.2333333333333335 0.7671875 0.2333333333333335 0.7671875 0.30000000000000016 0.7984375 0.30000000000000016
1 0.8453125 0.2305555555555557 0.8234375 0.2305555555555557 0.8234375 0.3027777777777779 0.8453125 0.3027777777777779
0 0.75 0.6333333333333335 0.7265625 0.6333333333333335 0.7265625 0.6777777777777779 0.75 0.6777777777777779
0 0.7328125 0.3944444444444446 0.7046875 0.3944444444444446 0.7046875 0.4361111111111113 0.7328125 0.4361111111111113
0 0.6375 0.35555555555555574 0.6203125 0.35555555555555574 0.6203125 0.38888888888888906 0.6375 0.38888888888888906
0 0.4953125 0.3694444444444446 0.4859375 0.3694444444444446 0.4859375 0.39722222222222237 0.4953125 0.39722222222222237
0 0.5109375 0.3333333333333334 0.4953125 0.3333333333333334 0.4953125 0.36111111111111127 0.5109375 0.36111111111111127