1 0.240625 0.22777777777777786 0.2109375 0.22777777777777786 0.2109375 0.3500000000000001 0.240625 0.3500000000000001
1 0.05937500000000003 0.33611111111111114 0.012500000000000022 0.33611111111111114 0.01250000000000003 0.5444444444444444 0.059375000000000046 0.5444444444444444
1 0.665625 0.22777777777777794 0.6421875 0.22777777777777794 0.6421875 0.35000000000000014 0.665625 0.35000000000000014
1 0.6546875 0.5138888888888891 0.6078125 0.5138888888888891 0.6078125 0.8027777777777778 0.6546875 0.8027777777777778
1 0.8421875 0.23888888888888904 0.821875 0.23888888888888904 0.821875 0.32777777777777795 0.8421875 0.32777777777777795
1 0.5203125 0.20277777777777786 0.503125 0.20277777777777786 0.503125 0.24166666666666675 0.5203125 0.24166666666666675
1 0.56875 0.23888888888888904 0.5453125 0.23888888888888904 0.5453125 0.31388888888888905 0.56875 0.31388888888888905
1 0.4921875 0.34166666666666673 0.4515625 0.34166666666666673 0.4515625 0.5166666666666668 0.4921875 0.5166666666666668
1 0.5171875 0.2972222222222223 0.4796875 0.2972222222222223 0.4796875 0.48055555555555574 0.5171875 0.48055555555555574
1 0.4671875 0.23888888888888896 0.440625 0.23888888888888896 0.440625 0.36111111111111127 0.4671875 0.36111111111111127
1 0.490625 0.2972222222222223 0.4734375 0.2972222222222223 0.4734375 0.35555555555555574 0.490625 0.35555555555555574
1 0.5484375 0.188888888888889 0.5359375 0.18888888888888897 0.5359375 0.23055555555555568 0.5484375 0.2305555555555557
1 0.7203125 0.19722222222222238 0.70625 0.19722222222222238 0.70625 0.24166666666666684 0.7203125 0.24166666666666684
1 0.76875 0.2194444444444446 0.7421875 0.2194444444444446 0.7421875 0.2944444444444446 0.76875 0.2944444444444446
1 0.834375 0.2166666666666668 0.81875 0.2166666666666668 0.81875 0.25000000000000017 0.834375 0.25000000000000017
1 0.875 0.2166666666666668 0.8546875 0.2166666666666668 0.8546875 0.25277777777777793 0.875 0.25277777777777793
0 0.753125 0.6361111111111113 0.73125 0.6361111111111113 0.73125 0.6750000000000002 0.753125 0.6750000000000002