1 0.14453125 0.40078125 0.0359375 0.2
1 0.16328125 0.3828125 0.03046875 0.1515625
1 0.24296875 0.34609375 0.02734375 0.1203125
1 0.278125 0.32578125 0.021875 0.096875
0 0.278125 0.3484375 0.01484375 0.02890625
1 0.259375 0.26875 0.01953125 0.096875
0 0.26484375 0.25234375 0.0109375 0.0265625
1 0.23984375 0.2578125 0.0140625 0.059375
1 0.46171875 0.29453125 0.0265625 0.109375
1 0.9234375 0.3484375 0.025 0.071875
1 0.89765625 0.3171875 0.02265625 0.1046875
1 0.8703125 0.31015625 0.02890625 0.08359375
0 0.87421875 0.3296875 0.00625 0.01875
1 0.8203125 0.29296875 0.021875 0.04140625
1 0.81875 0.2609375 0.01953125 0.07578125
1 0.8734375 0.23203125 0.021875 0.02734375
1 0.89609375 0.23515625 0.00859375 0.01640625
1 0.94140625 0.23046875 0.01640625 0.0328125
1 0.75 0.228125 0.021875 0.03046875
1 0.825 0.22578125 0.0125 0.0359375
1 0.7109375 0.22109375 0.01328125 0.040625
1 0.6921875 0.23515625 0.0171875 0.0171875
1 0.65546875 0.2234375 0.015625 0.0375
1 0.5640625 0.2296875 0.01328125 0.028125