1 0.0484375 0.6296875 0.096875 0.2828125
0 0.0546875 0.51484375 0.0328125 0.053125
1 0.053125 0.45390625 0.05390625 0.19296875
1 0.0296875 0.346875 0.03046875 0.10546875
1 0.13828125 0.38046875 0.0390625 0.16015625
1 0.23046875 0.3015625 0.0296875 0.1296875
1 0.15625 0.27421875 0.015625 0.05390625
1 0.29140625 0.3015625 0.021875 0.0953125
1 0.2765625 0.275 0.0203125 0.10546875
1 0.96953125 0.61015625 0.0609375 0.26484375
1 0.92734375 0.36484375 0.0359375 0.06640625
1 0.89453125 0.3515625 0.0296875 0.059375
1 0.87734375 0.3046875 0.03203125 0.09375
1 0.85390625 0.28515625 0.0234375 0.1046875
1 0.796875 0.21875 0.0234375 0.0515625
1 0.9890625 0.271875 0.021875 0.0625
1 0.65859375 0.23046875 0.0171875 0.03671875
1 0.6671875 0.32734375 0.0265625 0.14453125
1 0.7609375 0.225 0.021875 0.03671875