1 0.1109375 0.7046875 0.08046875 0.31875
0 0.053125 0.49375 0.02421875 0.053125
0 0.08125 0.56171875 0.0171875 0.040625
1 0.03046875 0.4484375 0.06015625 0.19296875
1 0.1453125 0.37890625 0.04765625 0.1546875
1 0.21875 0.3015625 0.0296875 0.1296875
1 0.15546875 0.2734375 0.01640625 0.05390625
1 0.290625 0.3015625 0.0234375 0.09296875
1 0.30625 0.2703125 0.028125 0.08046875
1 0.7578125 0.26640625 0.02890625 0.05390625
1 0.7578125 0.22578125 0.0203125 0.03828125
1 0.88984375 0.3453125 0.03359375 0.06640625
1 0.98203125 0.265625 0.03203125 0.07421875
1 0.79375 0.278125 0.0203125 0.0359375
1 0.68359375 0.30390625 0.01328125 0.10859375
1 0.9015625 0.23046875 0.01953125 0.03671875