0 0.13984375 0.61875 0.03671875 0.121875
1 0.16015625 0.65625 0.07421875 0.29375
0 0.44296875 0.5875 0.02109375 0.053125
1 0.46171875 0.53359375 0.0484375 0.24765625
0 0.15 0.4 0.0234375 0.04921875
1 0.15625 0.37109375 0.03828125 0.1625
1 0.11171875 0.2953125 0.01953125 0.04921875
1 0.17734375 0.3515625 0.03671875 0.153125
1 0.1953125 0.34375 0.02109375 0.12734375
1 0.22890625 0.32421875 0.02578125 0.15078125
1 0.2828125 0.29375 0.01953125 0.07109375
1 0.2953125 0.3015625 0.03828125 0.0609375
1 0.7265625 0.3921875 0.03046875 0.14453125
1 0.75625 0.4171875 0.0390625 0.14921875
1 0.684375 0.30390625 0.01796875 0.11484375
1 0.703125 0.23203125 0.025 0.03828125
1 0.42734375 0.2265625 0.0265625 0.03671875
1 0.8234375 0.2296875 0.01875 0.025
1 0.77265625 0.27109375 0.0234375 0.05
1 0.834375 0.27578125 0.02265625 0.09140625
1 0.87578125 0.29140625 0.02421875 0.11015625
1 0.86484375 0.2265625 0.01953125 0.0421875
1 0.940625 0.234375 0.0171875 0.03984375
1 0.9578125 0.27109375 0.025 0.08984375
1 0.2109375 0.22734375 0.02109375 0.0453125