1 0.19843750000000004 0.5944444444444444 0.12500000000000006 0.5944444444444444 0.12500000000000006 0.8722222222222222 0.19843750000000004 0.8722222222222222
1 0.15781250000000002 0.3138888888888889 0.109375 0.3138888888888889 0.10937500000000003 0.5 0.15781250000000005 0.5
1 0.240625 0.23333333333333342 0.209375 0.23333333333333342 0.209375 0.3611111111111111 0.240625 0.3611111111111111
1 0.2796875 0.2222222222222223 0.253125 0.2222222222222223 0.253125 0.31944444444444453 0.2796875 0.31944444444444453
1 0.65625 0.3166666666666668 0.625 0.3166666666666668 0.625 0.4361111111111113 0.65625 0.4361111111111113
1 0.803125 0.25277777777777793 0.7859375 0.25277777777777793 0.7859375 0.2944444444444446 0.803125 0.2944444444444446
1 0.946875 0.27777777777777796 0.90625 0.27777777777777796 0.90625 0.38333333333333347 0.946875 0.38333333333333347
1 0.8453125 0.23611111111111127 0.8234375 0.23611111111111127 0.8234375 0.32777777777777795 0.8453125 0.32777777777777795
1 0.584375 0.23888888888888904 0.5671875 0.23888888888888904 0.5671875 0.3194444444444446 0.584375 0.3194444444444446
1 0.428125 0.24444444444444452 0.4046875 0.24444444444444452 0.4046875 0.39166666666666683 0.428125 0.39166666666666683
1 0.9859375 0.23333333333333356 0.9515625 0.23333333333333356 0.9515625 0.32222222222222247 0.9859375 0.32222222222222247
1 0.4875 0.2583333333333334 0.4640625 0.2583333333333334 0.4640625 0.3222222222222223 0.4875 0.3222222222222223
1 0.9078125 0.23333333333333353 0.884375 0.2333333333333335 0.884375 0.3222222222222224 0.9078125 0.32222222222222247
1 0.5296875 0.1972222222222223 0.509375 0.1972222222222223 0.509375 0.24444444444444452 0.5296875 0.24444444444444452
1 0.5796875 0.2166666666666668 0.5609375 0.2166666666666668 0.5609375 0.2444444444444446 0.5796875 0.2444444444444446
1 0.66875 0.20000000000000015 0.6484375 0.20000000000000015 0.6484375 0.2444444444444446 0.66875 0.2444444444444446
1 0.7203125 0.20000000000000015 0.70625 0.20000000000000015 0.70625 0.2444444444444446 0.7203125 0.2444444444444446
0 0.19843750000000004 0.7222222222222222 0.17187500000000006 0.7222222222222222 0.17187500000000006 0.775 0.19843750000000004 0.775