1 0.1375 0.3194444444444444 0.08125000000000002 0.3194444444444444 0.08125000000000003 0.525 0.13750000000000004 0.525
1 0.17031250000000003 0.2861111111111111 0.1375 0.2861111111111111 0.1375 0.45555555555555555 0.17031250000000003 0.45555555555555555
1 0.753125 0.3250000000000002 0.7078125 0.3250000000000002 0.7078125 0.5194444444444446 0.753125 0.5194444444444446
1 0.29375 0.21944444444444453 0.259375 0.21944444444444453 0.259375 0.31666666666666676 0.29375 0.31666666666666676
1 0.9375 0.2805555555555558 0.90625 0.2805555555555557 0.90625 0.3861111111111113 0.9375 0.3861111111111113
1 0.4375 0.23888888888888896 0.4171875 0.23888888888888896 0.4171875 0.288888888888889 0.4375 0.288888888888889
1 0.5828125 0.23888888888888904 0.565625 0.23888888888888904 0.565625 0.3194444444444446 0.5828125 0.3194444444444446
1 0.8390625 0.21388888888888904 0.8265625 0.21388888888888904 0.8265625 0.2444444444444446 0.8390625 0.2444444444444446
1 0.8453125 0.23888888888888904 0.821875 0.23888888888888904 0.821875 0.3194444444444446 0.8453125 0.3194444444444446
1 0.9125 0.23333333333333353 0.8796875 0.2333333333333335 0.8796875 0.34444444444444466 0.9125 0.34444444444444466
1 0.4875 0.2583333333333334 0.4671875 0.2583333333333334 0.4671875 0.3222222222222223 0.4875 0.3222222222222223
1 0.07812500000000003 0.3055555555555556 0.06406250000000002 0.3055555555555556 0.06406250000000002 0.3611111111111111 0.07812500000000003 0.3611111111111111
1 0.1921875 0.22777777777777783 0.1671875 0.22777777777777777 0.1671875 0.2972222222222223 0.1921875 0.2972222222222223
1 0.53125 0.20000000000000007 0.5109375 0.20000000000000007 0.5109375 0.2472222222222223 0.53125 0.2472222222222223
1 0.6234375 0.19722222222222238 0.60625 0.19722222222222238 0.60625 0.24722222222222237 0.6234375 0.24722222222222237
1 0.6671875 0.30000000000000016 0.64375 0.30000000000000016 0.64375 0.4083333333333335 0.6671875 0.4083333333333335
0 0.6859375 0.33611111111111125 0.6734375 0.33611111111111125 0.6734375 0.36111111111111127 0.6859375 0.36111111111111127
1 0.7203125 0.20000000000000015 0.7 0.20000000000000015 0.7 0.24722222222222237 0.7203125 0.24722222222222237