1 0.0359375 0.6171875 0.071875 0.28125
1 0.025 0.4515625 0.05 0.16015625
1 0.16484375 0.37890625 0.04375 0.17734375
1 0.14453125 0.38671875 0.03046875 0.159375
0 0.13359375 0.3640625 0.00546875 0.028125
1 0.21875 0.27421875 0.0359375 0.08984375
0 0.23125 0.2625 0.00625 0.025
1 0.3125 0.26171875 0.01484375 0.09453125
1 0.29296875 0.25 0.0078125 0.01328125
1 0.30390625 0.2671875 0.0125 0.071875
1 0.44453125 0.22421875 0.0140625 0.0375
1 0.5203125 0.2203125 0.0140625 0.04609375
1 0.56953125 0.2296875 0.01953125 0.02734375
1 0.63359375 0.29296875 0.03203125 0.1125
1 0.73671875 0.265625 0.02109375 0.05625
1 0.75078125 0.27578125 0.01875 0.034375
1 0.86953125 0.3078125 0.034375 0.09453125
1 0.715625 0.2203125 0.01953125 0.03828125
1 0.68515625 0.2296875 0.01015625 0.0265625
1 0.7953125 0.2171875 0.01484375 0.03984375
1 0.65546875 0.22578125 0.00859375 0.034375
1 0.82109375 0.22265625 0.02421875 0.04375
1 0.8734375 0.23046875 0.02578125 0.03203125
1 0.91875 0.2890625 0.0328125 0.11015625