0 0.0796875 0.5625 0.02734375 0.040625
0 0.12109375 0.46328125 0.0328125 0.0453125
0 0.8 0.45234375 0.02265625 0.05859375
1 0.04453125 0.4421875 0.04609375 0.196875
1 0.1109375 0.42734375 0.0484375 0.19296875
1 0.2140625 0.3515625 0.02734375 0.121875
1 0.2171875 0.29765625 0.03125 0.12734375
1 0.1609375 0.26953125 0.01875 0.04609375
1 0.38046875 0.2890625 0.02109375 0.05390625
1 0.7859375 0.6359375 0.09609375 0.3265625
1 0.7953125 0.4109375 0.0390625 0.12578125
1 0.68203125 0.30625 0.0171875 0.11484375
1 0.515625 0.22421875 0.021875 0.03828125
1 0.921875 0.28671875 0.02265625 0.08828125
1 0.9671875 0.29765625 0.021875 0.053125
1 0.984375 0.27421875 0.0234375 0.0703125
1 0.9734375 0.234375 0.01875 0.034375