1 0.0234375 0.41953125 0.04609375 0.12734375
1 0.14921875 0.271875 0.02109375 0.05703125
1 0.2 0.35390625 0.03046875 0.14921875
1 0.221875 0.29609375 0.0328125 0.12734375
1 0.38046875 0.28515625 0.028125 0.0515625
1 0.65546875 0.33671875 0.02578125 0.146875
1 0.68359375 0.3078125 0.01484375 0.11484375
1 0.8140625 0.26640625 0.02890625 0.059375
1 0.83515625 0.23046875 0.0234375 0.034375
1 0.85703125 0.2953125 0.02734375 0.09296875
1 0.91171875 0.34296875 0.03125 0.084375
1 0.953125 0.36171875 0.04453125 0.1046875
1 0.92890625 0.278125 0.03125 0.07109375
1 0.90859375 0.23125 0.025 0.03203125
1 0.98125 0.2828125 0.03515625 0.103125
1 0.359375 0.51953125 0.0484375 0.23671875
0 0.35 0.48359375 0.02109375 0.059375