1 0.07109375 0.3328125 0.01171875 0.046875
1 0.1609375 0.390625 0.0390625 0.153125
1 0.1921875 0.3421875 0.028125 0.13671875
1 0.20703125 0.3296875 0.0328125 0.14609375
1 0.2421875 0.3109375 0.0328125 0.1421875
1 0.25859375 0.271875 0.0171875 0.09375
1 0.425 0.33828125 0.0265625 0.14140625
1 0.44375 0.34921875 0.01328125 0.10078125
0 0.4296875 0.30859375 0.01640625 0.0390625
1 0.51796875 0.21953125 0.021875 0.04921875
1 0.56171875 0.21640625 0.00625 0.046875
1 0.6546875 0.2953125 0.02421875 0.109375
1 0.7078125 0.228125 0.01875 0.03046875
1 0.7125 0.2140625 0.0125 0.028125
1 0.9140625 0.290625 0.03828125 0.1125
1 0.946875 0.2359375 0.0265625 0.03046875
1 0.95390625 0.28046875 0.01875 0.04921875