1 0.06250000000000003 0.34444444444444444 0.009375000000000026 0.34444444444444444 0.009375000000000033 0.5444444444444444 0.06250000000000004 0.5444444444444444
1 0.671875 0.5333333333333334 0.6203125 0.5333333333333334 0.6203125 0.8222222222222222 0.671875 0.8222222222222222
1 0.9046875 0.26666666666666683 0.86875 0.26666666666666683 0.86875 0.3583333333333335 0.9046875 0.3583333333333335
1 0.559375 0.32222222222222235 0.5328125 0.3222222222222223 0.5328125 0.4083333333333335 0.559375 0.4083333333333335
1 0.84375 0.23888888888888904 0.821875 0.23888888888888904 0.821875 0.3250000000000002 0.84375 0.3250000000000002
1 0.69375 0.2194444444444446 0.6765625 0.2194444444444446 0.6765625 0.3583333333333335 0.69375 0.3583333333333335
1 0.45 0.21666666666666676 0.4296875 0.21666666666666676 0.4296875 0.2472222222222223 0.45 0.2472222222222223
1 0.4546875 0.2361111111111112 0.428125 0.2361111111111112 0.428125 0.30277777777777787 0.4546875 0.30277777777777787
1 0.4921875 0.288888888888889 0.4625 0.288888888888889 0.4625 0.4416666666666668 0.4921875 0.4416666666666668
1 0.503125 0.28333333333333344 0.48125 0.28333333333333344 0.48125 0.4277777777777779 0.503125 0.4277777777777779
1 0.5296875 0.19444444444444453 0.50625 0.19444444444444453 0.50625 0.24444444444444452 0.5296875 0.24444444444444452
1 0.665625 0.3111111111111113 0.6359375 0.3111111111111113 0.6359375 0.37777777777777793 0.665625 0.37777777777777793
1 0.6671875 0.24166666666666684 0.646875 0.24166666666666684 0.646875 0.3388888888888891 0.6671875 0.3388888888888891
1 0.70625 0.21111111111111128 0.6890625 0.21111111111111128 0.6890625 0.24722222222222237 0.70625 0.24722222222222237
1 0.71875 0.20000000000000015 0.7046875 0.20000000000000015 0.7046875 0.2444444444444446 0.71875 0.2444444444444446
1 0.7515625 0.24722222222222237 0.7359375 0.24722222222222237 0.7359375 0.30000000000000016 0.7515625 0.30000000000000016
1 0.8328125 0.21111111111111128 0.815625 0.21111111111111128 0.815625 0.25000000000000017 0.8328125 0.25000000000000017
0 0.75625 0.6361111111111113 0.7265625 0.6361111111111113 0.7265625 0.6805555555555557 0.75625 0.6805555555555557
0 0.4875 0.3722222222222224 0.478125 0.3722222222222224 0.478125 0.39722222222222237 0.4875 0.39722222222222237
0 0.5078125 0.3333333333333334 0.496875 0.3333333333333334 0.496875 0.36111111111111127 0.5078125 0.36111111111111127