1 0.14765625 0.3953125 0.0359375 0.19609375
1 0.165625 0.3796875 0.025 0.15546875
1 0.24921875 0.34140625 0.02109375 0.115625
1 0.27890625 0.33203125 0.02734375 0.1046875
0 0.26796875 0.35 0.01796875 0.02421875
1 0.22578125 0.27421875 0.0203125 0.1078125
1 0.284375 0.27421875 0.0203125 0.09765625
1 0.2625 0.26484375 0.01640625 0.09375
0 0.26640625 0.2515625 0.00859375 0.02734375
1 0.2515625 0.246875 0.00859375 0.02265625
1 0.47265625 0.29375 0.02421875 0.10703125
1 0.51875 0.2203125 0.02109375 0.046875
1 0.5640625 0.221875 0.0125 0.03984375
1 0.65625 0.22734375 0.01171875 0.03203125
1 0.69140625 0.23515625 0.015625 0.01875
1 0.7140625 0.22109375 0.0109375 0.0375
1 0.7671875 0.22734375 0.0109375 0.02734375
1 0.81875 0.2703125 0.01875 0.09140625
1 0.7828125 0.28046875 0.01796875 0.02890625
1 0.875 0.3109375 0.03359375 0.084375
1 0.90078125 0.31953125 0.02734375 0.1109375
1 0.96171875 0.3734375 0.0359375 0.103125
1 0.871875 0.2328125 0.0234375 0.02578125
1 0.8953125 0.2375 0.01015625 0.01640625
1 0.80703125 0.22421875 0.0140625 0.0421875
1 0.815625 0.23125 0.01640625 0.02890625