1 0.1328125 0.403125 0.0484375 0.19375
1 0.1671875 0.39375 0.0296875 0.153125
1 0.24140625 0.36796875 0.04453125 0.17109375
1 0.2765625 0.3234375 0.0265625 0.128125
1 0.26640625 0.30625 0.0234375 0.13359375
1 0.246875 0.27578125 0.025 0.090625
1 0.3921875 0.57421875 0.05546875 0.271875
0 0.396875 0.52265625 0.0359375 0.08359375
1 0.43515625 0.5984375 0.03203125 0.20546875
1 0.4125 0.49140625 0.01484375 0.034375
1 0.3609375 0.4265625 0.040625 0.19453125
1 0.43359375 0.32890625 0.0203125 0.1453125
1 0.52109375 0.21640625 0.01640625 0.05546875
1 0.5609375 0.2171875 0.01171875 0.05078125
1 0.684375 0.29609375 0.01328125 0.109375
1 0.70078125 0.23046875 0.0171875 0.02734375
1 0.70859375 0.21953125 0.01875 0.04140625
1 0.78671875 0.20703125 0.01171875 0.01875
1 0.89609375 0.23203125 0.01953125 0.03046875
1 0.95234375 0.2796875 0.0296875 0.08515625