1 0.17031250000000003 0.2861111111111111 0.1375 0.2861111111111111 0.1375 0.45555555555555555 0.17031250000000003 0.45555555555555555
1 0.86875 0.44722222222222235 0.790625 0.44722222222222235 0.790625 0.7472222222222226 0.86875 0.7472222222222226
1 0.07968750000000004 0.32222222222222224 0.018750000000000024 0.32222222222222224 0.01875000000000003 0.5277777777777778 0.07968750000000005 0.5277777777777778
1 0.6515625 0.2944444444444446 0.6125 0.2944444444444446 0.6125 0.41111111111111126 0.6515625 0.41111111111111126
1 1 0.34444444444444466 0.9625 0.34444444444444466 0.9625 0.43888888888888905 1 0.43888888888888905
1 0.4296875 0.23888888888888896 0.4125 0.23888888888888896 0.4125 0.2861111111111112 0.4296875 0.2861111111111112
1 0.5828125 0.23611111111111127 0.5640625 0.23611111111111127 0.5640625 0.3194444444444446 0.5828125 0.3194444444444446
1 0.3265625 0.21388888888888896 0.2984375 0.21388888888888896 0.2984375 0.31111111111111117 0.3265625 0.31111111111111117
1 0.8359375 0.21111111111111128 0.815625 0.21111111111111128 0.815625 0.24722222222222237 0.8359375 0.24722222222222237
1 0.540625 0.20277777777777786 0.5234375 0.20277777777777786 0.5234375 0.24444444444444452 0.540625 0.24444444444444452
1 0.84375 0.23888888888888904 0.81875 0.23888888888888904 0.81875 0.3194444444444446 0.84375 0.3194444444444446
1 0.7578125 0.23611111111111127 0.7375 0.23611111111111127 0.7375 0.29166666666666685 0.7578125 0.29166666666666685
1 0.4875 0.2583333333333334 0.4640625 0.2583333333333334 0.4640625 0.3222222222222223 0.4875 0.3222222222222223
1 0.4296875 0.21388888888888896 0.4125 0.21388888888888896 0.4125 0.24444444444444452 0.4296875 0.24444444444444452
1 0.66875 0.20277777777777795 0.6484375 0.20277777777777795 0.6484375 0.24166666666666684 0.66875 0.24166666666666684
1 0.71875 0.20000000000000015 0.703125 0.20000000000000015 0.703125 0.2444444444444446 0.71875 0.2444444444444446
0 0.828125 0.5416666666666669 0.8078125 0.5416666666666669 0.8078125 0.5861111111111112 0.828125 0.5861111111111112
0 0.6390625 0.3305555555555557 0.6265625 0.3305555555555557 0.6265625 0.3722222222222224 0.6390625 0.3722222222222224