1 0.17239583333333333 0.24074074074074073 0.14427083333333332 0.24074074074074073 0.14427083333333332 0.30925925925925923 0.17239583333333333 0.30925925925925923
1 0.4265625 0.21018518518518528 0.4078125 0.21018518518518528 0.4078125 0.24351851851851863 0.4265625 0.24351851851851863
1 0.6088541666666667 0.22870370370370383 0.5921875 0.2287037037037038 0.5921875 0.29537037037037045 0.6088541666666667 0.29537037037037045
1 0.634375 0.2009259259259261 0.6125 0.2009259259259261 0.6125 0.2453703703703705 0.634375 0.2453703703703705
1 0.7182291666666667 0.2009259259259261 0.7046875 0.2009259259259261 0.7046875 0.2453703703703705 0.7182291666666667 0.2453703703703705
1 0.8161458333333333 0.1870370370370372 0.7932291666666667 0.1870370370370372 0.7932291666666667 0.24907407407407428 0.8161458333333333 0.24907407407407428
1 0.8385416666666666 0.2166666666666668 0.825 0.2166666666666668 0.825 0.24907407407407428 0.8385416666666666 0.24907407407407428
1 0.9494791666666667 0.2250000000000002 0.9359375 0.2250000000000002 0.9359375 0.24444444444444466 0.9494791666666667 0.24444444444444466
1 0.9984375 0.23981481481481504 0.9760416666666667 0.23981481481481504 0.9760416666666667 0.32962962962962983 0.9984375 0.32962962962962983
1 0.7541666666666667 0.26574074074074094 0.7395833333333334 0.26574074074074094 0.7395833333333334 0.2925925925925928 0.7541666666666667 0.2925925925925928
1 0.5875 0.2425925925925927 0.5734375 0.2425925925925927 0.5734375 0.3037037037037038 0.5875 0.3037037037037038