1 0.071875 0.3359375 0.015625 0.05546875
1 0.1578125 0.39140625 0.03828125 0.1515625
1 0.19296875 0.34296875 0.028125 0.13515625
1 0.2109375 0.3296875 0.028125 0.14765625
1 0.253125 0.3171875 0.0375 0.146875
1 0.259375 0.30625 0.021875 0.1375
1 0.3390625 0.2640625 0.0171875 0.08828125
1 0.434375 0.34609375 0.02734375 0.14296875
1 0.45390625 0.36171875 0.0140625 0.1078125
0 0.4375 0.31640625 0.01796875 0.04296875
1 0.51640625 0.21875 0.021875 0.046875
1 0.56171875 0.2171875 0.0078125 0.04765625
1 0.65 0.29609375 0.021875 0.1109375
1 0.6921875 0.228125 0.02109375 0.03359375
1 0.7109375 0.21953125 0.01484375 0.04140625
1 0.86484375 0.3015625 0.02265625 0.096875
1 0.89453125 0.31171875 0.0234375 0.11328125
1 0.91328125 0.290625 0.0234375 0.1125