1 0.6890625 0.5166666666666668 0.6046875 0.5166666666666668 0.6046875 0.8138888888888889 0.6890625 0.8138888888888889
1 0.05937500000000003 0.33611111111111114 0.0031250000000000236 0.33611111111111114 0.0031250000000000305 0.5444444444444444 0.059375000000000046 0.5444444444444444
1 0.659375 0.22500000000000014 0.6265625 0.22500000000000014 0.6265625 0.35000000000000014 0.659375 0.35000000000000014
1 0.575 0.32222222222222235 0.5546875 0.32222222222222235 0.5546875 0.4083333333333335 0.575 0.4083333333333335
1 0.4625 0.3000000000000001 0.425 0.3000000000000001 0.425 0.45277777777777795 0.4625 0.45277777777777795
1 0.8421875 0.23888888888888904 0.8203125 0.23888888888888904 0.8203125 0.3250000000000002 0.8421875 0.3250000000000002
1 0.503125 0.2944444444444445 0.471875 0.2944444444444445 0.471875 0.43888888888888905 0.503125 0.43888888888888905
1 0.51875 0.20000000000000007 0.49375 0.20000000000000007 0.49375 0.25000000000000006 0.51875 0.25000000000000006
1 0.55 0.188888888888889 0.534375 0.18888888888888897 0.534375 0.24444444444444458 0.55 0.2444444444444446
1 0.7703125 0.22222222222222238 0.740625 0.22222222222222238 0.740625 0.2972222222222224 0.7703125 0.2972222222222224
1 0.875 0.2166666666666668 0.8546875 0.2166666666666668 0.8546875 0.25000000000000017 0.875 0.25000000000000017
1 0.90625 0.2166666666666668 0.8875 0.2166666666666668 0.8875 0.25277777777777793 0.90625 0.25277777777777793
1 0.475 0.23888888888888896 0.4515625 0.23888888888888896 0.4515625 0.35277777777777786 0.475 0.35277777777777786
0 0.7484375 0.6388888888888891 0.728125 0.6388888888888891 0.728125 0.6750000000000002 0.7484375 0.6750000000000002
0 0.4875 0.3805555555555557 0.4765625 0.3805555555555557 0.4765625 0.4083333333333335 0.4875 0.4083333333333335
0 0.5078125 0.33055555555555566 0.4953125 0.33055555555555566 0.4953125 0.36111111111111127 0.5078125 0.36111111111111127