1 0.17447916666666666 0.2462962962962963 0.1515625 0.2462962962962963 0.1515625 0.3074074074074074 0.17447916666666666 0.3074074074074074
1 0.4276041666666667 0.2074074074074075 0.409375 0.2074074074074075 0.409375 0.24351851851851863 0.4276041666666667 0.24351851851851863
1 0.6463541666666667 0.25555555555555565 0.6197916666666666 0.25555555555555565 0.6197916666666666 0.3814814814814816 0.6463541666666667 0.3814814814814816
1 0.7223958333333333 0.2305555555555557 0.7 0.2305555555555557 0.7 0.3453703703703705 0.7223958333333333 0.3453703703703705
1 0.6666666666666666 0.20740740740740757 0.653125 0.20740740740740757 0.653125 0.2500000000000001 0.6666666666666666 0.2500000000000001
1 0.8177083333333334 0.19722222222222238 0.8036458333333333 0.19722222222222238 0.8036458333333333 0.24907407407407428 0.8177083333333334 0.24907407407407428
1 0.80625 0.17870370370370386 0.7864583333333334 0.17870370370370386 0.7864583333333334 0.23148148148148165 0.80625 0.23148148148148165
1 0.8416666666666667 0.19722222222222238 0.8260416666666667 0.19722222222222238 0.8260416666666667 0.25370370370370393 0.8416666666666667 0.25370370370370393
1 0.8729166666666667 0.22222222222222243 0.8536458333333333 0.22222222222222243 0.8536458333333333 0.2462962962962965 0.8729166666666667 0.2462962962962965
1 0.9380208333333333 0.3000000000000002 0.9145833333333333 0.3000000000000002 0.9145833333333333 0.389814814814815 0.9380208333333333 0.389814814814815
1 0.9875 0.22129629629629652 0.9666666666666667 0.22129629629629652 0.9666666666666667 0.3259259259259261 0.9875 0.3259259259259261
0 0.9380208333333333 0.34722222222222243 0.9119791666666667 0.34722222222222243 0.9119791666666667 0.38240740740740764 0.9380208333333333 0.38240740740740764