1 0.153125 0.39453125 0.0453125 0.146875
1 0.21328125 0.33671875 0.06484375 0.1484375
1 0.2546875 0.3390625 0.03359375 0.159375
1 0.19921875 0.3390625 0.02734375 0.1359375
1 0.209375 0.32890625 0.03125 0.14296875
1 0.36796875 0.28515625 0.02890625 0.0515625
1 0.42421875 0.40703125 0.0296875 0.1765625
1 0.45 0.43125 0.021875 0.1328125
0 0.43203125 0.37734375 0.01953125 0.0421875
1 0.52421875 0.2203125 0.015625 0.04921875
1 0.63671875 0.3125 0.025 0.12421875
1 0.6796875 0.3234375 0.03984375 0.14140625
1 0.6921875 0.23125 0.0203125 0.03125
1 0.9109375 0.2921875 0.02890625 0.1125
1 0.71015625 0.22109375 0.01796875 0.0390625
1 0.896875 0.23359375 0.01796875 0.028125