1 0.06250000000000003 0.3416666666666667 0.010937500000000022 0.3416666666666667 0.01093750000000003 0.5444444444444444 0.06250000000000004 0.5444444444444444
1 0.665625 0.22777777777777794 0.6375 0.22777777777777794 0.6375 0.35000000000000014 0.665625 0.35000000000000014
1 0.35 0.24166666666666675 0.3234375 0.24166666666666675 0.3234375 0.31666666666666676 0.35 0.31666666666666676
1 0.6328125 0.3472222222222224 0.609375 0.3472222222222224 0.609375 0.4083333333333335 0.6328125 0.4083333333333335
1 0.525 0.20277777777777786 0.509375 0.20277777777777786 0.509375 0.24166666666666675 0.525 0.24166666666666675
1 0.778125 0.22777777777777794 0.7453125 0.22777777777777794 0.7453125 0.2944444444444446 0.778125 0.2944444444444446
1 0.8453125 0.23611111111111127 0.8203125 0.23611111111111127 0.8203125 0.3250000000000002 0.8453125 0.3250000000000002
1 0.66875 0.5194444444444446 0.6078125 0.5194444444444446 0.6078125 0.8055555555555556 0.66875 0.8055555555555556
1 0.478125 0.2527777777777779 0.4484375 0.2527777777777779 0.4484375 0.35555555555555574 0.478125 0.35555555555555574
1 0.51875 0.2944444444444445 0.4796875 0.2944444444444445 0.4796875 0.4777777777777779 0.51875 0.4777777777777779
1 0.4921875 0.2944444444444445 0.4703125 0.2944444444444445 0.4703125 0.4416666666666668 0.4921875 0.4416666666666668
1 0.86875 0.21111111111111128 0.8546875 0.21111111111111128 0.8546875 0.24722222222222237 0.86875 0.24722222222222237
1 1 0.2666666666666669 0.9859375 0.2666666666666669 0.9859375 0.32222222222222247 1 0.32222222222222247
0 0.7515625 0.6416666666666668 0.7296875 0.6416666666666668 0.7296875 0.6777777777777779 0.7515625 0.6777777777777779