1 0.99375 0.23593750000000008 0.9625 0.23593750000000008 0.9625 0.3203125000000001 0.99375 0.3203125000000001
1 0.934375 0.22656250000000008 0.9109375 0.22656250000000008 0.9109375 0.3359375000000001 0.934375 0.3359375000000001
1 0.9125 0.2468750000000001 0.8765625 0.2468750000000001 0.8765625 0.3656250000000001 0.9125 0.3656250000000001
1 0.9828125 0.22031250000000008 0.959375 0.22031250000000008 0.959375 0.25468750000000007 0.9828125 0.25468750000000007
1 0.6609375 0.23593750000000008 0.6375 0.23593750000000008 0.6375 0.3687500000000001 0.6609375 0.3687500000000001
1 0.7578125 0.32500000000000007 0.7296875 0.32500000000000007 0.7296875 0.39531250000000007 0.7578125 0.39531250000000007
1 0.515625 0.2734375000000001 0.4921875 0.2734375000000001 0.4921875 0.3312500000000001 0.515625 0.3312500000000001
1 0.459375 0.2750000000000001 0.4296875 0.2750000000000001 0.4296875 0.4265625 0.459375 0.4265625
1 0.340625 0.2171875 0.3203125 0.2171875 0.3203125 0.296875 0.340625 0.296875
1 0.3234375 0.2140625 0.3015625 0.2140625 0.3015625 0.315625 0.3234375 0.315625
1 0.03281250000000004 0.303125 3.7122106099154144e-17 0.303125 4.372371775080784e-17 0.4109375 0.03281250000000006 0.4109375