0 0.13828125 0.61953125 0.03671875 0.12265625
0 0.45390625 0.5921875 0.0234375 0.0625
0 0.14453125 0.41171875 0.025 0.03828125
1 0.15234375 0.6625 0.06953125 0.29921875
1 0.14921875 0.37578125 0.0390625 0.16640625
1 0.17109375 0.35546875 0.03671875 0.146875
1 0.19453125 0.34453125 0.02421875 0.13125
1 0.21953125 0.32578125 0.0234375 0.13203125
1 0.23984375 0.31171875 0.0265625 0.14453125
1 0.2921875 0.30390625 0.04453125 0.0625
1 0.27734375 0.29609375 0.025 0.103125
1 0.2796875 0.23828125 0.0203125 0.04765625
1 0.4625 0.53671875 0.040625 0.2421875
1 0.765625 0.421875 0.046875 0.15859375
1 0.73046875 0.396875 0.0375 0.1453125
1 0.684375 0.30625 0.01875 0.11796875
1 0.7046875 0.23046875 0.021875 0.03046875
1 0.4265625 0.22734375 0.0234375 0.034375
1 0.8109375 0.275 0.02421875 0.0453125
1 0.834375 0.278125 0.02265625 0.08203125
1 0.82890625 0.22734375 0.021875 0.03203125
1 0.9046875 0.23125 0.02109375 0.03203125
1 0.87578125 0.2953125 0.0265625 0.1015625
1 0.95859375 0.27421875 0.0265625 0.09140625
1 0.659375 0.23125 0.01875 0.02890625