1 0.9875 0.2328125000000001 0.95625 0.2328125000000001 0.95625 0.3218750000000001 0.9875 0.3218750000000001
1 0.9140625 0.2234375000000001 0.890625 0.2234375000000001 0.890625 0.34843750000000007 0.9140625 0.34843750000000007
1 0.8984375 0.23593750000000008 0.871875 0.23593750000000008 0.871875 0.34843750000000007 0.8984375 0.34843750000000007
1 0.8765625 0.24375000000000008 0.85625 0.24375000000000008 0.85625 0.3500000000000001 0.8765625 0.3500000000000001
1 0.8390625 0.20468750000000008 0.8125 0.20468750000000008 0.8125 0.2468750000000001 0.8390625 0.2468750000000001
1 0.8109375 0.2390625000000001 0.7859375 0.2390625000000001 0.7859375 0.2953125000000001 0.8109375 0.2953125000000001
1 0.703125 0.2515625000000001 0.6796875 0.2515625000000001 0.6796875 0.3609375000000001 0.703125 0.3609375000000001
1 0.71875 0.3125000000000001 0.6875 0.3125000000000001 0.6875 0.4796875 0.71875 0.4796875
1 0.7578125000000001 0.5984375000000001 0.684375 0.5984375 0.6843750000000001 0.8375 0.7578125000000002 0.8375
0 0.6703125000000001 0.684375 0.628125 0.684375 0.628125 0.7609375 0.6703125000000002 0.7609375
0 0.7281250000000001 0.7671875000000001 0.7046875000000001 0.7671875 0.7046875000000001 0.8359375 0.7281250000000001 0.8359375