1 0.15 0.39609375 0.03046875 0.19609375
1 0.27265625 0.39921875 0.04609375 0.10859375
1 0.2484375 0.3671875 0.03828125 0.1734375
1 0.1640625 0.3875 0.03203125 0.13984375
1 0.3734375 0.6296875 0.06484375 0.3
1 0.41875 0.64921875 0.0390625 0.21953125
1 0.40078125 0.53359375 0.01640625 0.04296875
0 0.3703125 0.56875 0.03984375 0.0890625
1 0.28359375 0.29296875 0.021875 0.11875
1 0.303125 0.290625 0.01953125 0.07890625
1 0.2453125 0.24296875 0.01875 0.02890625
1 0.5203125 0.2203125 0.015625 0.0453125
1 0.68671875 0.29765625 0.01796875 0.1125
1 0.5609375 0.21875 0.0109375 0.0484375
1 0.7 0.2328125 0.01875 0.02265625
1 0.70859375 0.221875 0.01953125 0.0390625
1 0.7796875 0.20625 0.0125 0.01171875
1 0.96796875 0.28125 0.03046875 0.084375
1 0.896875 0.23203125 0.01953125 0.02890625