1 0.8140625 0.4203125000000002 0.75 0.4203125000000002 0.75 0.6750000000000002 0.8140625 0.6750000000000002
0 0.8015625 0.45625000000000016 0.765625 0.45625000000000016 0.765625 0.5562500000000001 0.8015625 0.5562500000000001
1 0.9625 0.34843750000000007 0.9234375 0.34843750000000007 0.9234375 0.41406250000000017 0.9625 0.41406250000000017
1 0.9890625 0.2171875000000001 0.9671875 0.2171875000000001 0.9671875 0.2453125000000001 0.9890625 0.2453125000000001
1 0.9703125 0.2531250000000001 0.940625 0.2531250000000001 0.940625 0.3203125000000001 0.9703125 0.3203125000000001
1 0.909375 0.2234375000000001 0.8859375 0.2234375000000001 0.8859375 0.3453125000000001 0.909375 0.3453125000000001
1 0.8828125 0.2328125000000001 0.8578125 0.2328125000000001 0.8578125 0.3468750000000001 0.8828125 0.3468750000000001
1 0.821875 0.2375000000000001 0.8 0.2375000000000001 0.8 0.2968750000000001 0.821875 0.2968750000000001
1 0.803125 0.23593750000000008 0.771875 0.23593750000000008 0.771875 0.2984375000000001 0.803125 0.2984375000000001
1 0.703125 0.2500000000000001 0.6796875 0.2500000000000001 0.6796875 0.36406250000000007 0.703125 0.36406250000000007
1 0.4828125 0.2687500000000001 0.446875 0.2687500000000001 0.446875 0.4015625 0.4828125 0.4015625
1 0.28125 0.21875 0.259375 0.21875 0.259375 0.3234375 0.28125 0.3234375