1 0.01640625 0.3640625 0.02109375 0.0921875
1 0.1921875 0.3421875 0.028125 0.1375
0 0.20546875 0.3203125 0.009375 0.02890625
1 0.221875 0.2984375 0.01953125 0.10390625
1 0.26640625 0.27421875 0.0234375 0.0921875
1 0.2109375 0.32890625 0.03046875 0.14765625
1 0.43671875 0.359375 0.02890625 0.1515625
1 0.4578125 0.37265625 0.021875 0.11484375
0 0.44140625 0.33203125 0.01484375 0.040625
1 0.5203125 0.2203125 0.01484375 0.0453125
1 0.5625 0.21640625 0.01015625 0.05
1 0.7109375 0.22109375 0.0140625 0.0375
1 0.753125 0.22109375 0.021875 0.046875
1 0.83515625 0.228125 0.01796875 0.034375
1 0.95625 0.23203125 0.0171875 0.0234375
1 0.96953125 0.27578125 0.03125 0.0765625
1 0.7765625 0.26796875 0.0203125 0.0515625