1 0.18177083333333333 0.23518518518518525 0.15104166666666666 0.23518518518518525 0.15104166666666666 0.3101851851851852 0.18177083333333333 0.3101851851851852
1 0.42604166666666665 0.2074074074074075 0.409375 0.2074074074074075 0.409375 0.2425925925925927 0.42604166666666665 0.2425925925925927
1 0.5869791666666667 0.23333333333333345 0.5708333333333333 0.23333333333333345 0.5708333333333333 0.313888888888889 0.5869791666666667 0.313888888888889
1 0.6234375 0.2342592592592594 0.6015625 0.23425925925925936 0.6015625 0.3175925925925927 0.6234375 0.3175925925925927
1 0.6338541666666667 0.1981481481481483 0.6078125 0.1981481481481483 0.6078125 0.2425925925925927 0.6338541666666667 0.2425925925925927
1 0.7171875 0.2009259259259261 0.7026041666666667 0.2009259259259261 0.7026041666666667 0.2527777777777779 0.7171875 0.2527777777777779
1 0.8213541666666667 0.19166666666666682 0.8020833333333334 0.19166666666666682 0.8020833333333334 0.2564814814814817 0.8213541666666667 0.2564814814814817
1 0.8354166666666667 0.21481481481481499 0.8260416666666667 0.21481481481481499 0.8260416666666667 0.25370370370370393 0.8354166666666667 0.25370370370370393
1 0.8463541666666666 0.20092592592592612 0.8364583333333333 0.2009259259259261 0.8364583333333333 0.24537037037037057 0.8463541666666666 0.24537037037037057
1 0.9510416666666667 0.21666666666666687 0.934375 0.21666666666666687 0.934375 0.24537037037037057 0.9510416666666667 0.24537037037037057
1 0.984375 0.23333333333333353 0.9588541666666667 0.23333333333333353 0.9588541666666667 0.3222222222222224 0.984375 0.3222222222222224
1 0.7411458333333333 0.264814814814815 0.7276041666666667 0.264814814814815 0.7276041666666667 0.29907407407407427 0.7411458333333333 0.29907407407407427