1 0.17031250000000003 0.28888888888888886 0.1375 0.28888888888888886 0.1375 0.45555555555555555 0.17031250000000003 0.45555555555555555
1 0.2859375 0.23333333333333342 0.253125 0.23333333333333342 0.253125 0.3638888888888889 0.2859375 0.3638888888888889
1 0.7234375 0.25833333333333347 0.7 0.25833333333333347 0.7 0.37777777777777793 0.7234375 0.37777777777777793
1 0.4328125 0.23888888888888896 0.4125 0.23888888888888896 0.4125 0.288888888888889 0.4328125 0.288888888888889
1 0.934375 0.3222222222222224 0.903125 0.32222222222222235 0.903125 0.39166666666666683 0.934375 0.39166666666666683
1 0.3359375 0.21666666666666676 0.30625 0.21666666666666676 0.30625 0.2944444444444445 0.3359375 0.2944444444444445
1 0.8796875 0.2833333333333335 0.8515625 0.2833333333333335 0.8515625 0.3527777777777779 0.8796875 0.3527777777777779
1 0.621875 0.27777777777777796 0.60625 0.27777777777777796 0.60625 0.3527777777777779 0.621875 0.3527777777777779
1 0.840625 0.21111111111111128 0.8265625 0.21111111111111128 0.8265625 0.24722222222222237 0.840625 0.24722222222222237
1 0.71875 0.20277777777777795 0.7046875 0.20277777777777795 0.7046875 0.2444444444444446 0.71875 0.2444444444444446
1 0.25 0.2222222222222223 0.2265625 0.2222222222222223 0.2265625 0.33888888888888896 0.25 0.33888888888888896
1 0.4875 0.2583333333333334 0.4671875 0.2583333333333334 0.4671875 0.31944444444444453 0.4875 0.31944444444444453
1 0.84375 0.23611111111111127 0.821875 0.23611111111111127 0.821875 0.32222222222222235 0.84375 0.32222222222222235
1 0.15937500000000002 0.24166666666666667 0.1265625 0.24166666666666667 0.12656250000000002 0.33611111111111114 0.15937500000000004 0.33611111111111114
1 0.6921875 0.2166666666666668 0.6765625 0.2166666666666668 0.6765625 0.3527777777777779 0.6921875 0.3527777777777779
1 0.646875 0.23888888888888904 0.628125 0.23888888888888904 0.628125 0.34166666666666684 0.646875 0.34166666666666684
1 0.44375 0.2222222222222223 0.4234375 0.2222222222222223 0.4234375 0.2472222222222223 0.44375 0.2472222222222223
1 0.53125 0.20000000000000007 0.509375 0.20000000000000007 0.509375 0.2472222222222223 0.53125 0.2472222222222223