1 0.2578125 0.26944444444444454 0.2328125 0.26944444444444454 0.2328125 0.39166666666666666 0.2578125 0.39166666666666666
1 0.19062500000000002 0.28611111111111115 0.159375 0.2861111111111111 0.15937500000000002 0.4527777777777778 0.19062500000000004 0.4527777777777778
1 0.3390625 0.24444444444444452 0.3078125 0.24444444444444452 0.3078125 0.31111111111111117 0.3390625 0.31111111111111117
1 1 0.2916666666666669 0.975 0.2916666666666669 0.975 0.4277777777777779 1 0.4277777777777779
1 0.4375 0.36111111111111127 0.3875 0.36111111111111127 0.3875 0.48611111111111127 0.4375 0.48611111111111127
1 0.421875 0.25000000000000006 0.3921875 0.25000000000000006 0.3921875 0.36388888888888904 0.421875 0.36388888888888904
1 0.453125 0.24166666666666675 0.4296875 0.24166666666666675 0.4296875 0.3500000000000001 0.453125 0.3500000000000001
1 0.56875 0.24166666666666684 0.546875 0.24166666666666684 0.546875 0.3055555555555557 0.56875 0.3055555555555557
1 0.8421875 0.23888888888888904 0.8234375 0.23888888888888904 0.8234375 0.3194444444444446 0.8421875 0.3194444444444446
1 0.48125 0.2583333333333334 0.4640625 0.2583333333333334 0.4640625 0.3472222222222223 0.48125 0.3472222222222223
1 0.2203125 0.2222222222222223 0.1921875 0.2222222222222223 0.1921875 0.30277777777777787 0.2203125 0.30277777777777787
1 0.4453125 0.21944444444444453 0.425 0.21944444444444453 0.425 0.24444444444444452 0.4453125 0.24444444444444452
1 0.53125 0.1972222222222223 0.509375 0.1972222222222223 0.509375 0.2472222222222223 0.53125 0.2472222222222223
1 0.6703125 0.20833333333333348 0.65625 0.20833333333333348 0.65625 0.25000000000000017 0.6703125 0.25000000000000017
1 0.7203125 0.19722222222222238 0.7 0.19722222222222238 0.7 0.2444444444444446 0.7203125 0.2444444444444446
1 0.8296875 0.21388888888888904 0.8109375 0.21388888888888904 0.8109375 0.24722222222222237 0.8296875 0.24722222222222237
1 0.8375 0.21111111111111128 0.825 0.21111111111111128 0.825 0.2444444444444446 0.8375 0.2444444444444446