1 0.07109375 0.3359375 0.01328125 0.0578125
1 0.24765625 0.34921875 0.028125 0.1203125
1 0.28125 0.32890625 0.03046875 0.096875
0 0.28984375 0.3359375 0.009375 0.0296875
1 0.25390625 0.27578125 0.0171875 0.109375
1 0.234375 0.26484375 0.0265625 0.0796875
1 0.4390625 0.2953125 0.03046875 0.10859375
1 0.42265625 0.22734375 0.0296875 0.03515625
1 0.5140625 0.41796875 0.0359375 0.153125
1 0.665625 0.34609375 0.0359375 0.05234375
1 0.52578125 0.22890625 0.01953125 0.0265625
1 0.5578125 0.2171875 0.01484375 0.05078125
1 0.709375 0.225 0.01640625 0.03828125
1 0.896875 0.353125 0.03828125 0.06015625
1 0.91640625 0.34453125 0.02109375 0.06875
1 0.83359375 0.271875 0.02109375 0.0953125
1 0.9046875 0.2796875 0.0296875 0.096875
1 0.76171875 0.22890625 0.0203125 0.03046875
1 0.8671875 0.23515625 0.01796875 0.02421875
1 0.8890625 0.22890625 0.01875 0.03125
1 0.90078125 0.2296875 0.01640625 0.034375