0 0.1234375 0.46015625 0.02890625 0.05
0 0.7765625 0.42890625 0.02109375 0.05703125
1 0.04140625 0.4453125 0.04921875 0.2
1 0.115625 0.42265625 0.0453125 0.19453125
1 0.2125 0.35078125 0.0296875 0.12734375
1 0.2171875 0.2984375 0.03203125 0.128125
1 0.15859375 0.2734375 0.0203125 0.05390625
1 0.45703125 0.3125 0.02578125 0.12578125
1 0.55625 0.715625 0.11015625 0.3359375
1 0.77421875 0.43046875 0.03671875 0.19453125
1 0.684375 0.30390625 0.0140625 0.1203125
1 0.6609375 0.23046875 0.01796875 0.03203125
1 0.51640625 0.2234375 0.0171875 0.03671875
1 0.91796875 0.32265625 0.0203125 0.10859375
1 0.9359375 0.27265625 0.01796875 0.07109375
1 0.97421875 0.284375 0.03359375 0.0796875
1 0.99375 0.26640625 0.0125 0.0765625