1 0.07421875 0.4609375 0.0546875 0.23046875
1 0.10234375 0.43828125 0.03671875 0.19296875
1 0.2421875 0.34765625 0.03125 0.121875
1 0.2796875 0.32734375 0.0296875 0.09921875
0 0.28828125 0.33671875 0.009375 0.03125
1 0.26328125 0.271875 0.015625 0.090625
1 0.2515625 0.24609375 0.00859375 0.02578125
0 0.2671875 0.2515625 0.00859375 0.02890625
1 0.4390625 0.2953125 0.02890625 0.10703125
1 0.4953125 0.221875 0.01640625 0.040625
1 0.7140625 0.32734375 0.03046875 0.1359375
1 0.6921875 0.23515625 0.0171875 0.01953125
1 0.71015625 0.22265625 0.0140625 0.0421875
1 0.81953125 0.26328125 0.0203125 0.07578125
1 0.85234375 0.30078125 0.02578125 0.0640625
1 0.87578125 0.31953125 0.03203125 0.07734375
0 0.88203125 0.34140625 0.00625 0.03046875
1 0.9078125 0.2921875 0.0265625 0.11484375
1 0.87890625 0.2296875 0.0171875 0.034375
1 0.79765625 0.21640625 0.01796875 0.05390625
1 0.94609375 0.23046875 0.021875 0.034375