1 0.5515625 0.5138888888888891 0.4890625 0.5138888888888891 0.4890625 0.8138888888888889 0.5515625 0.8138888888888889
1 0.871875 0.5972222222222224 0.8078125 0.5972222222222224 0.8078125 0.8555555555555558 0.871875 0.8555555555555558
1 0.07343750000000003 0.33611111111111114 0.025000000000000022 0.33611111111111114 0.02500000000000003 0.5472222222222223 0.07343750000000004 0.5472222222222223
1 0.290625 0.21388888888888896 0.25625 0.21388888888888896 0.25625 0.31666666666666676 0.290625 0.31666666666666676
1 0.428125 0.23888888888888896 0.409375 0.23888888888888896 0.409375 0.29166666666666674 0.428125 0.29166666666666674
1 0.6484375 0.27500000000000013 0.6234375 0.27500000000000013 0.6234375 0.3194444444444446 0.6484375 0.3194444444444446
1 0.478125 0.313888888888889 0.44375 0.313888888888889 0.44375 0.4777777777777779 0.478125 0.4777777777777779
1 0.45 0.313888888888889 0.425 0.313888888888889 0.425 0.4694444444444446 0.45 0.4694444444444446
1 0.8890625 0.28888888888888903 0.8609375 0.28888888888888903 0.8609375 0.36111111111111127 0.8890625 0.36111111111111127
1 0.9375 0.3000000000000002 0.9125 0.3000000000000002 0.9125 0.37500000000000017 0.9375 0.37500000000000017
1 0.8796875 0.25833333333333347 0.8484375 0.25833333333333347 0.8484375 0.3333333333333335 0.8796875 0.3333333333333335
1 0.446875 0.2222222222222223 0.4265625 0.2222222222222223 0.4265625 0.2472222222222223 0.446875 0.2472222222222223
1 0.4875 0.2611111111111112 0.465625 0.2611111111111112 0.465625 0.3222222222222223 0.4875 0.3222222222222223
1 0.5625 0.238888888888889 0.540625 0.23888888888888896 0.540625 0.31666666666666676 0.5625 0.3166666666666668
1 0.54375 0.19444444444444453 0.528125 0.19444444444444453 0.528125 0.24444444444444452 0.54375 0.24444444444444452
1 0.6375 0.21111111111111128 0.621875 0.21111111111111128 0.621875 0.24166666666666684 0.6375 0.24166666666666684
1 0.6640625 0.20000000000000015 0.6484375 0.20000000000000015 0.6484375 0.2444444444444446 0.6640625 0.2444444444444446
1 0.7203125 0.20000000000000015 0.7046875 0.20000000000000015 0.7046875 0.2444444444444446 0.7203125 0.2444444444444446
1 0.940625 0.23611111111111135 0.9125 0.23611111111111135 0.9125 0.30277777777777803 0.940625 0.30277777777777803
1 0.8453125 0.23611111111111127 0.8234375 0.23611111111111127 0.8234375 0.31388888888888905 0.8453125 0.31388888888888905
0 0.8609375 0.8250000000000003 0.8375 0.8250000000000003 0.8375 0.866666666666667 0.8609375 0.866666666666667
0 0.6515625 0.6250000000000001 0.6171875 0.6250000000000001 0.6171875 0.6777777777777779 0.6515625 0.6777777777777779