1 0.18671875 0.70859375 0.08125 0.303125
0 0.1859375 0.6765625 0.03828125 0.146875
1 0.14453125 0.38359375 0.02734375 0.1453125
1 0.20546875 0.3515625 0.03125 0.12265625
1 0.28125 0.284375 0.0234375 0.11640625
1 0.3078125 0.27109375 0.02578125 0.08984375
1 0.33828125 0.2625 0.0234375 0.08828125
1 0.434375 0.23125 0.0234375 0.03203125
1 0.684375 0.3578125 0.0234375 0.146875
1 0.6875 0.26640625 0.01640625 0.04375
1 0.66015625 0.23125 0.01640625 0.03203125
1 0.82265625 0.290625 0.01796875 0.06328125
1 0.83671875 0.28359375 0.0171875 0.09140625
1 0.809375 0.23203125 0.0203125 0.03046875
1 0.83828125 0.228125 0.0109375 0.025
1 0.90546875 0.3609375 0.03203125 0.04765625
1 0.94609375 0.27109375 0.0265625 0.084375
1 0.97734375 0.23515625 0.0203125 0.028125