1 0.02734375 0.459375 0.05390625 0.175
1 0.16171875 0.371875 0.04453125 0.171875
1 0.178125 0.35859375 0.02890625 0.1453125
1 0.29609375 0.31953125 0.0203125 0.0734375
1 0.309375 0.28984375 0.01953125 0.0453125
1 0.29375 0.2515625 0.01015625 0.01640625
1 0.30546875 0.25 0.01171875 0.0359375
1 0.33046875 0.2578125 0.01796875 0.075
0 0.33359375 0.24765625 0.0078125 0.025
1 0.7125 0.49921875 0.0484375 0.24140625
1 0.70625 0.384375 0.040625 0.0703125
1 0.43203125 0.22734375 0.02265625 0.03359375
1 0.52265625 0.22421875 0.015625 0.0453125
1 0.65625 0.2265625 0.01640625 0.0375
1 0.7921875 0.26875 0.021875 0.0546875
1 0.7953125 0.2203125 0.01484375 0.0453125
1 0.83203125 0.2296875 0.01640625 0.03125
1 0.88125 0.234375 0.02421875 0.0234375
1 0.92265625 0.2828125 0.028125 0.0953125
1 0.965625 0.29375 0.03046875 0.05625