1 0.0265625 0.4578125 0.053125 0.175
1 0.1515625 0.37109375 0.04375 0.1671875
1 0.20859375 0.40234375 0.03359375 0.10078125
1 0.20078125 0.38984375 0.04921875 0.128125
1 0.178125 0.35859375 0.021875 0.14921875
1 0.30546875 0.26953125 0.01328125 0.0765625
1 0.29296875 0.25234375 0.0125 0.01796875
1 0.328125 0.259375 0.021875 0.0734375
0 0.3328125 0.246875 0.0109375 0.028125
1 0.67265625 0.40859375 0.0453125 0.153125
1 0.66875 0.34453125 0.03359375 0.05078125
1 0.52265625 0.225 0.01953125 0.0390625
1 0.71171875 0.22109375 0.01328125 0.0359375
1 0.80234375 0.2203125 0.01171875 0.04609375
1 0.8265625 0.2296875 0.0125 0.03359375
1 0.79375 0.27109375 0.02265625 0.046875
1 0.8875 0.2328125 0.02578125 0.02890625
1 0.9359375 0.28125 0.02265625 0.08984375
1 0.9578125 0.2328125 0.021875 0.02578125
1 0.65625 0.22734375 0.0125 0.0296875