0 0.05078125 0.49296875 0.02421875 0.05703125
0 0.08828125 0.56171875 0.02578125 0.04375
0 0.35234375 0.503125 0.01875 0.04609375
1 0.35859375 0.51953125 0.06640625 0.23828125
1 0.0234375 0.4171875 0.046875 0.12265625
1 0.190625 0.36015625 0.0421875 0.1484375
1 0.2140625 0.29921875 0.02734375 0.12734375
1 0.1515625 0.2734375 0.0171875 0.04921875
1 0.103125 0.30234375 0.0234375 0.059375
1 0.446875 0.33359375 0.03046875 0.12734375
1 0.434375 0.28671875 0.01953125 0.06328125
1 0.6828125 0.30859375 0.01640625 0.1140625
1 0.65546875 0.34921875 0.02109375 0.15859375
1 0.6609375 0.2328125 0.0140625 0.02890625
1 0.5234375 0.221875 0.01953125 0.03984375
1 0.784375 0.271875 0.0234375 0.04609375
1 0.90625 0.23203125 0.01953125 0.0328125
1 0.85625 0.28671875 0.01171875 0.10078125
1 0.953125 0.23359375 0.02734375 0.028125
1 0.93046875 0.2765625 0.0265625 0.0796875
1 0.9796875 0.26953125 0.03984375 0.08046875
1 0.97890625 0.3703125 0.0328125 0.11640625
1 0.9296875 0.34921875 0.04375 0.09296875