1 0.4328125 0.46111111111111125 0.36875 0.46111111111111125 0.36875 0.7111111111111111 0.4328125 0.7111111111111111
1 0.37968750000000007 0.5055555555555556 0.303125 0.5055555555555555 0.30312500000000003 0.8083333333333333 0.37968750000000007 0.8083333333333333
1 0.428125 0.23888888888888896 0.409375 0.23888888888888896 0.409375 0.2944444444444445 0.428125 0.2944444444444445
1 0.06406250000000004 0.3388888888888889 0.01562500000000002 0.3388888888888889 0.01562500000000003 0.5444444444444444 0.06406250000000005 0.5444444444444444
1 0.2640625 0.21944444444444453 0.2359375 0.21944444444444453 0.2359375 0.31666666666666676 0.2640625 0.31666666666666676
1 0.5375 0.313888888888889 0.4921875 0.313888888888889 0.4921875 0.42500000000000016 0.5375 0.42500000000000016
1 1 0.3416666666666669 0.959375 0.3416666666666669 0.959375 0.4416666666666668 1 0.4416666666666668
1 0.5796875 0.2305555555555557 0.5609375 0.2305555555555557 0.5609375 0.3194444444444446 0.5796875 0.3194444444444446
1 0.9890625 0.23333333333333356 0.953125 0.23333333333333356 0.953125 0.3194444444444447 0.9890625 0.3194444444444447
1 0.4875 0.2583333333333334 0.4640625 0.2583333333333334 0.4640625 0.3472222222222223 0.4875 0.3472222222222223
1 0.9109375 0.23055555555555576 0.8828125 0.2305555555555557 0.8828125 0.3166666666666669 0.9109375 0.31666666666666693
1 0.5421875 0.20277777777777786 0.521875 0.20277777777777786 0.521875 0.24444444444444452 0.5421875 0.24444444444444452
1 0.1109375 0.2222222222222222 0.09531250000000002 0.2222222222222222 0.09531250000000002 0.28888888888888886 0.1109375 0.28888888888888886
1 0.8453125 0.23888888888888904 0.821875 0.23888888888888904 0.821875 0.32222222222222235 0.8453125 0.32222222222222235
1 0.534375 0.3583333333333335 0.5015625 0.3583333333333335 0.5015625 0.4777777777777779 0.534375 0.4777777777777779
1 0.721875 0.20277777777777795 0.6984375 0.20277777777777795 0.6984375 0.2611111111111113 0.721875 0.2611111111111113
1 0.7703125 0.22500000000000014 0.74375 0.22500000000000014 0.74375 0.2944444444444446 0.7703125 0.2944444444444446
0 0.49375 0.4194444444444446 0.4703125 0.4194444444444446 0.4703125 0.46111111111111125 0.49375 0.46111111111111125