1 0.2796875 0.2328125 0.259375 0.2328125 0.259375 0.3171875 0.2796875 0.3171875
1 0.6984375 0.2718750000000001 0.6734375 0.2718750000000001 0.6734375 0.409375 0.6984375 0.409375
1 0.821875 0.2375000000000001 0.79375 0.2375000000000001 0.79375 0.2953125000000001 0.821875 0.2953125000000001
1 0.9 0.23593750000000008 0.86875 0.23593750000000008 0.86875 0.34843750000000007 0.9 0.34843750000000007
1 0.915625 0.2218750000000001 0.890625 0.2218750000000001 0.890625 0.3453125000000001 0.915625 0.3453125000000001
1 0.9546875 0.2578125000000001 0.928125 0.2578125000000001 0.928125 0.32500000000000007 0.9546875 0.32500000000000007
1 0.9890625 0.23437500000000008 0.96875 0.23437500000000008 0.96875 0.3140625000000001 0.9890625 0.3140625000000001
1 0.978125 0.3468750000000001 0.94375 0.3468750000000001 0.94375 0.4234375000000002 0.978125 0.4234375000000002
1 1 0.3937500000000001 0.971875 0.3937500000000001 0.971875 0.4437500000000002 1 0.4437500000000002
1 0.15312500000000007 0.540625 0.05937500000000007 0.540625 0.05937500000000009 0.8609375 0.1531250000000001 0.8609375
0 0.06875000000000007 0.625 0.007812500000000078 0.625 0.007812500000000082 0.6921875 0.06875000000000009 0.6921875