1 0.5515625 0.5166666666666668 0.4984375 0.5166666666666668 0.4984375 0.8166666666666667 0.5515625 0.8166666666666667
1 0.07343750000000003 0.33611111111111114 0.025000000000000022 0.33611111111111114 0.02500000000000003 0.5472222222222223 0.07343750000000004 0.5472222222222223
1 0.765625 0.602777777777778 0.70625 0.602777777777778 0.70625 0.8472222222222224 0.765625 0.8472222222222225
1 0.290625 0.21388888888888896 0.25625 0.21388888888888896 0.25625 0.31666666666666676 0.290625 0.31666666666666676
1 0.428125 0.23888888888888896 0.409375 0.23888888888888896 0.409375 0.288888888888889 0.428125 0.288888888888889
1 0.4625 0.30277777777777787 0.4359375 0.30277777777777787 0.4359375 0.4500000000000002 0.4625 0.4500000000000002
1 0.49375 0.30555555555555564 0.4546875 0.30555555555555564 0.4546875 0.4722222222222224 0.49375 0.4722222222222224
1 0.9390625 0.302777777777778 0.896875 0.3027777777777779 0.896875 0.39722222222222237 0.9390625 0.39722222222222237
1 0.7171875 0.20277777777777795 0.7046875 0.20277777777777795 0.7046875 0.2444444444444446 0.7171875 0.2444444444444446
1 0.8265625 0.25833333333333347 0.8015625 0.25833333333333347 0.8015625 0.3083333333333335 0.8265625 0.3083333333333335
1 0.8890625 0.29166666666666685 0.859375 0.29166666666666685 0.859375 0.36111111111111127 0.8890625 0.36111111111111127
1 0.6609375 0.24166666666666684 0.640625 0.24166666666666684 0.640625 0.32777777777777795 0.6609375 0.32777777777777795
1 0.93125 0.2361111111111113 0.896875 0.23611111111111127 0.896875 0.302777777777778 0.93125 0.30277777777777803
1 0.8453125 0.23611111111111127 0.825 0.23611111111111127 0.825 0.3250000000000002 0.8453125 0.3250000000000002
1 0.6296875 0.2166666666666668 0.6140625 0.2166666666666668 0.6140625 0.2444444444444446 0.6296875 0.2444444444444446
1 0.5234375 0.2527777777777779 0.49375 0.2527777777777779 0.49375 0.3583333333333335 0.5234375 0.3583333333333335
0 0.65625 0.627777777777778 0.615625 0.627777777777778 0.615625 0.688888888888889 0.65625 0.688888888888889
1 0.4484375 0.21944444444444453 0.425 0.21944444444444453 0.425 0.2472222222222223 0.4484375 0.2472222222222223
1 0.5359375 0.20000000000000007 0.5125 0.20000000000000007 0.5125 0.2472222222222223 0.5359375 0.2472222222222223
1 0.6640625 0.20000000000000015 0.646875 0.20000000000000015 0.646875 0.2444444444444446 0.6640625 0.2444444444444446
1 0.7765625 0.2055555555555557 0.7578125 0.2055555555555557 0.7578125 0.25000000000000017 0.7765625 0.25000000000000017
1 0.6515625 0.2805555555555557 0.6296875 0.2805555555555557 0.6296875 0.41388888888888903 0.6515625 0.41388888888888903