1 0.14609375 0.3828125 0.028125 0.146875
1 0.20703125 0.34765625 0.02578125 0.1296875
1 0.15 0.715625 0.0765625 0.29921875
1 0.296875 0.27890625 0.0171875 0.0953125
1 0.278125 0.24921875 0.01796875 0.0515625
1 0.31796875 0.27109375 0.0234375 0.0765625
1 0.68671875 0.34296875 0.0234375 0.13984375
1 0.81015625 0.275 0.021875 0.03671875
1 0.88984375 0.3484375 0.025 0.04609375
1 0.8375 0.265625 0.0203125 0.0765625
1 0.81328125 0.23046875 0.0203125 0.02890625
1 0.94765625 0.26953125 0.0296875 0.08359375
1 0.7421875 0.2234375 0.01953125 0.03984375
1 0.6875 0.2609375 0.015625 0.0421875
0 0.1625 0.69453125 0.03828125 0.084375
1 0.421875 0.22890625 0.0234375 0.03203125