0 0.1140625 0.4609375 0.028125 0.059375
1 0.11328125 0.42421875 0.04140625 0.19609375
1 0.03515625 0.446875 0.0609375 0.1796875
1 0.16796875 0.43828125 0.04375 0.1546875
1 0.21171875 0.3515625 0.028125 0.12734375
1 0.21640625 0.29609375 0.03203125 0.12421875
1 0.1515625 0.27421875 0.0125 0.05703125
1 0.5953125 0.35625 0.02734375 0.0703125
1 0.7140625 0.33125 0.02578125 0.1390625
1 0.68203125 0.30546875 0.0125 0.11640625
1 0.82421875 0.2234375 0.02578125 0.03671875
1 0.88671875 0.3125 0.0234375 0.10859375
1 0.890625 0.26015625 0.01640625 0.04375
1 0.915625 0.325 0.0265625 0.09921875
1 0.971875 0.365625 0.0234375 0.11015625
1 0.98046875 0.2734375 0.02109375 0.07421875
1 0.98125 0.23359375 0.01953125 0.03046875
1 0.909375 0.2328125 0.0171875 0.02890625
1 0.92421875 0.26640625 0.02421875 0.0515625
0 0.07890625 0.56171875 0.028125 0.04609375