1 0.04296875 0.45703125 0.05234375 0.175
1 0.159375 0.39609375 0.0390625 0.196875
1 0.1671875 0.36953125 0.0203125 0.13515625
1 0.22421875 0.36484375 0.034375 0.1
1 0.2484375 0.32109375 0.021875 0.11875
1 0.28203125 0.29140625 0.02890625 0.1046875
1 0.32734375 0.2609375 0.01875 0.0640625
1 0.25390625 0.2484375 0.01328125 0.0453125
1 0.515625 0.2921875 0.02109375 0.10546875
1 0.70234375 0.3609375 0.03125 0.1484375
1 0.52109375 0.2203125 0.01484375 0.04765625
1 0.5671875 0.2296875 0.01953125 0.028125
1 0.6578125 0.22421875 0.0125 0.03359375
1 0.96328125 0.3734375 0.03515625 0.103125
1 0.88125 0.31328125 0.01875 0.090625
1 0.90390625 0.3171875 0.0375 0.103125
1 0.86953125 0.2875 0.02265625 0.125
1 0.92109375 0.27265625 0.03046875 0.07734375
1 0.79921875 0.2203125 0.0203125 0.0453125
1 0.81640625 0.2328125 0.02109375 0.02734375
1 0.82421875 0.2265625 0.0125 0.03828125
1 0.88984375 0.2375 0.0140625 0.01875
1 0.7078125 0.2265625 0.01796875 0.03125