1 0.06250000000000003 0.34444444444444444 0.009375000000000026 0.34444444444444444 0.009375000000000033 0.5444444444444444 0.06250000000000004 0.5444444444444444
1 0.6734375 0.5333333333333334 0.6203125 0.5333333333333334 0.6203125 0.8222222222222222 0.6734375 0.8222222222222222
1 0.934375 0.2666666666666669 0.8953125 0.26666666666666683 0.8953125 0.3694444444444446 0.934375 0.3694444444444446
1 0.5359375 0.313888888888889 0.5 0.313888888888889 0.5 0.5055555555555558 0.5359375 0.5055555555555558
1 0.6234375 0.24166666666666684 0.6015625 0.24166666666666684 0.6015625 0.32777777777777795 0.6234375 0.32777777777777795
1 0.84375 0.23888888888888904 0.821875 0.23888888888888904 0.821875 0.3250000000000002 0.84375 0.3250000000000002
1 0.453125 0.21666666666666676 0.4375 0.21666666666666676 0.4375 0.2472222222222223 0.453125 0.2472222222222223
1 0.453125 0.23888888888888896 0.4296875 0.23888888888888896 0.4296875 0.2944444444444445 0.453125 0.2944444444444445
1 0.490625 0.29166666666666674 0.465625 0.29166666666666674 0.465625 0.4444444444444446 0.490625 0.4444444444444446
1 0.5046875 0.28333333333333344 0.4828125 0.28333333333333344 0.4828125 0.3694444444444446 0.5046875 0.3694444444444446
1 0.665625 0.31388888888888905 0.64375 0.31388888888888905 0.64375 0.38333333333333347 0.665625 0.38333333333333347
1 0.5296875 0.1972222222222223 0.509375 0.1972222222222223 0.509375 0.24444444444444452 0.5296875 0.24444444444444452
1 0.7125 0.21388888888888904 0.6921875 0.21388888888888904 0.6921875 0.25000000000000017 0.7125 0.25000000000000017
1 0.71875 0.20277777777777795 0.70625 0.20277777777777795 0.70625 0.2333333333333335 0.71875 0.2333333333333335
1 0.7390625 0.24166666666666684 0.7203125 0.24166666666666684 0.7203125 0.2972222222222224 0.7390625 0.2972222222222224
1 0.690625 0.24166666666666684 0.675 0.24166666666666684 0.675 0.37500000000000017 0.690625 0.37500000000000017
0 0.759375 0.6361111111111113 0.728125 0.6361111111111113 0.728125 0.6777777777777779 0.759375 0.6777777777777779
0 0.490625 0.37777777777777793 0.48125 0.37777777777777793 0.48125 0.40000000000000013 0.490625 0.40000000000000013
0 0.5078125 0.3333333333333334 0.496875 0.3333333333333334 0.496875 0.36388888888888904 0.5078125 0.36388888888888904