1 0.40546875 0.55546875 0.05625 0.23359375
1 0.3703125 0.446875 0.0515625 0.15859375
1 0.20859375 0.39453125 0.0328125 0.11640625
1 0.16796875 0.2765625 0.01640625 0.03125
1 0.2421875 0.3125 0.0265625 0.121875
1 0.28671875 0.3078125 0.03046875 0.10625
0 0.27421875 0.3125 0.01171875 0.02578125
1 0.20234375 0.3078125 0.028125 0.10546875
1 0.43828125 0.2953125 0.0296875 0.1078125
1 0.41328125 0.22890625 0.0171875 0.028125
1 0.659375 0.22421875 0.015625 0.03828125
1 0.7671875 0.22265625 0.0125 0.034375
1 0.86796875 0.2875 0.028125 0.12265625
1 0.89765625 0.3453125 0.0265625 0.06484375
1 0.90234375 0.275 0.03125 0.08671875
1 0.71171875 0.2234375 0.015625 0.04296875