1 0.08125000000000006 0.35 0.021875000000000044 0.35 0.021875000000000054 0.5421875 0.08125000000000007 0.5421875
1 0.16093750000000004 0.334375 0.12968750000000004 0.334375 0.12968750000000004 0.509375 0.16093750000000004 0.509375
1 0.2875 0.2140625 0.2609375 0.2140625 0.2609375 0.3234375 0.2875 0.3234375
1 0.3765625 0.2515625 0.3546875 0.2515625 0.3546875 0.31562500000000004 0.3765625 0.3156250000000001
1 0.5390625 0.2015625000000001 0.5140625 0.2015625000000001 0.5140625 0.2515625000000001 0.5390625 0.2515625000000001
1 0.5796875 0.3468750000000001 0.5515625 0.3468750000000001 0.5515625 0.415625 0.5796875 0.415625
1 0.69375 0.3453125000000001 0.6375 0.3453125000000001 0.6375 0.440625 0.69375 0.440625
1 0.634375 0.2531250000000001 0.609375 0.2531250000000001 0.609375 0.3671875000000001 0.634375 0.3671875000000001
1 0.9921875 0.2171875000000001 0.9640625 0.2171875000000001 0.9640625 0.2515625000000001 0.9921875 0.2515625000000001
1 0.98125 0.2468750000000001 0.9578125 0.2468750000000001 0.9578125 0.3218750000000001 0.98125 0.3218750000000001
1 0.8859375 0.23593750000000008 0.8609375 0.23593750000000008 0.8609375 0.3578125000000001 0.8859375 0.3578125000000001