1 0.75 0.3055555555555557 0.70625 0.3055555555555557 0.70625 0.48611111111111127 0.75 0.48611111111111127
1 0.428125 0.23888888888888896 0.409375 0.23888888888888896 0.409375 0.29166666666666674 0.428125 0.29166666666666674
1 0.29375 0.21944444444444453 0.265625 0.21944444444444453 0.265625 0.31666666666666676 0.29375 0.31666666666666676
1 0.18125000000000002 0.3111111111111111 0.1484375 0.3111111111111111 0.14843750000000003 0.4888888888888889 0.18125000000000005 0.4888888888888889
1 0.9359375 0.2805555555555558 0.90625 0.2805555555555557 0.90625 0.3861111111111113 0.9359375 0.3861111111111113
1 0.5828125 0.23888888888888904 0.565625 0.23888888888888904 0.565625 0.3194444444444446 0.5828125 0.3194444444444446
1 0.625 0.20000000000000015 0.6078125 0.20000000000000015 0.6078125 0.2444444444444446 0.625 0.2444444444444446
1 0.4875 0.2583333333333334 0.465625 0.2583333333333334 0.465625 0.3222222222222223 0.4875 0.3222222222222223
1 0.909375 0.22777777777777797 0.878125 0.22777777777777794 0.878125 0.3361111111111113 0.909375 0.33611111111111136
1 0.8453125 0.23888888888888904 0.821875 0.23888888888888904 0.821875 0.3194444444444446 0.8453125 0.3194444444444446
1 0.840625 0.21388888888888904 0.828125 0.21388888888888904 0.828125 0.24722222222222237 0.840625 0.24722222222222237
1 0.16250000000000003 0.2861111111111111 0.1296875 0.2861111111111111 0.1296875 0.46111111111111114 0.16250000000000003 0.46111111111111114
1 0.2234375 0.2222222222222223 0.19375 0.2222222222222223 0.19375 0.31111111111111117 0.2234375 0.31111111111111117
1 0.5296875 0.20000000000000007 0.5125 0.20000000000000007 0.5125 0.24444444444444452 0.5296875 0.24444444444444452
1 0.6703125 0.3027777777777779 0.65 0.3027777777777779 0.65 0.37777777777777793 0.6703125 0.37777777777777793
1 0.721875 0.20000000000000015 0.7 0.20000000000000015 0.7 0.25000000000000017 0.721875 0.25000000000000017