1 0.0265625 0.46328125 0.053125 0.1765625
1 0.16484375 0.39296875 0.03359375 0.2
1 0.1953125 0.38671875 0.03828125 0.13203125
1 0.1546875 0.390625 0.0171875 0.165625
1 0.25859375 0.3734375 0.034375 0.1671875
1 0.22109375 0.27265625 0.02109375 0.09140625
1 0.29609375 0.2703125 0.02109375 0.090625
1 0.53359375 0.22890625 0.01875 0.03359375
1 0.52421875 0.21875 0.01328125 0.046875
1 0.82421875 0.66171875 0.07734375 0.3265625
1 0.91328125 0.71640625 0.09296875 0.359375
1 0.9078125 0.53984375 0.06328125 0.14375
1 0.6265625 0.28984375 0.01875 0.1
1 0.63046875 0.221875 0.015625 0.03515625
1 0.65859375 0.221875 0.01640625 0.04140625
1 0.69140625 0.2328125 0.021875 0.02421875
1 0.86328125 0.31484375 0.0234375 0.0703125
1 0.7921875 0.2046875 0.01796875 0.028125
1 0.8140625 0.23125 0.01796875 0.02890625
1 0.871875 0.228125 0.02265625 0.03515625
1 0.9109375 0.32578125 0.0375 0.10546875
1 0.921875 0.27109375 0.01953125 0.0921875
1 0.90859375 0.2609375 0.02109375 0.04765625
1 0.89453125 0.2359375 0.00859375 0.01484375
1 0.6890625 0.39921875 0.03046875 0.171875