1 0.10781250000000005 0.35 0.050000000000000024 0.35 0.05000000000000003 0.5194444444444445 0.10781250000000005 0.5194444444444445
1 0.1765625 0.28888888888888886 0.146875 0.28888888888888886 0.14687500000000003 0.4527777777777778 0.17656250000000004 0.4527777777777778
1 0.4296875 0.23888888888888896 0.409375 0.23888888888888896 0.409375 0.2861111111111112 0.4296875 0.2861111111111112
1 0.8671875 0.29166666666666685 0.840625 0.29166666666666685 0.840625 0.3444444444444446 0.8671875 0.3444444444444446
1 0.4984375 0.2472222222222223 0.471875 0.2472222222222223 0.471875 0.3805555555555557 0.4984375 0.3805555555555557
1 0.325 0.23055555555555562 0.3 0.23055555555555562 0.3 0.31111111111111117 0.325 0.31111111111111117
1 0.221875 0.2250000000000001 0.2 0.2250000000000001 0.2 0.35277777777777786 0.221875 0.35277777777777786
1 0.5796875 0.23888888888888904 0.559375 0.23888888888888904 0.559375 0.3194444444444446 0.5796875 0.3194444444444446
1 0.84375 0.23888888888888904 0.821875 0.23888888888888904 0.821875 0.3055555555555557 0.84375 0.3055555555555557
1 0.4703125 0.48611111111111127 0.378125 0.48611111111111127 0.37812500000000004 0.7083333333333335 0.4703125 0.7083333333333335
1 0.71875 0.2833333333333335 0.690625 0.2833333333333335 0.690625 0.35000000000000014 0.71875 0.35000000000000014
1 0.446875 0.21666666666666676 0.425 0.21666666666666676 0.425 0.2472222222222223 0.446875 0.2472222222222223
1 0.5296875 0.1972222222222223 0.5125 0.1972222222222223 0.5125 0.2472222222222223 0.5296875 0.2472222222222223
1 0.71875 0.19722222222222238 0.7015625 0.19722222222222238 0.7015625 0.24722222222222237 0.71875 0.24722222222222237
0 0.721875 0.34166666666666684 0.7078125 0.34166666666666684 0.7078125 0.36388888888888904 0.721875 0.36388888888888904