1 0.17916666666666667 0.23796296296296296 0.15260416666666668 0.23796296296296296 0.15260416666666668 0.32222222222222224 0.17916666666666667 0.32222222222222224
1 0.4244791666666667 0.20555555555555566 0.40572916666666664 0.20555555555555566 0.40572916666666664 0.24166666666666678 0.4244791666666667 0.24166666666666678
1 0.6276041666666666 0.20648148148148163 0.6140625 0.20648148148148163 0.6140625 0.24444444444444455 0.6276041666666666 0.24444444444444455
1 0.5848958333333333 0.23703703703703713 0.5682291666666667 0.23703703703703713 0.5682291666666667 0.3157407407407408 0.5848958333333333 0.3157407407407408
1 0.6333333333333333 0.23425925925925942 0.6140625 0.23425925925925942 0.6140625 0.30833333333333346 0.6333333333333333 0.30833333333333346
1 0.7166666666666667 0.19444444444444461 0.6942708333333333 0.19444444444444461 0.6942708333333333 0.2462962962962964 0.7166666666666667 0.2462962962962964
1 0.8203125 0.19351851851851867 0.8020833333333334 0.19351851851851867 0.8020833333333334 0.24722222222222243 0.8203125 0.24722222222222243
1 0.8401041666666667 0.20740740740740757 0.8255208333333334 0.20740740740740757 0.8255208333333334 0.2564814814814817 0.8401041666666667 0.2564814814814817
1 0.9572916666666667 0.21851851851851872 0.9338541666666667 0.21851851851851872 0.9338541666666667 0.25555555555555576 0.9572916666666667 0.25555555555555576
1 0.9859375 0.2287037037037039 0.9598958333333333 0.2287037037037039 0.9598958333333333 0.3120370370370372 0.9859375 0.3120370370370372
1 0.7520833333333333 0.2685185185185187 0.7291666666666666 0.2685185185185187 0.7291666666666666 0.2981481481481484 0.7520833333333333 0.2981481481481484