1 0.1046875 0.72578125 0.07109375 0.246875
1 0.40703125 0.55546875 0.053125 0.23515625
1 0.38203125 0.446875 0.04453125 0.1453125
1 0.11171875 0.43515625 0.0484375 0.20078125
1 0.21796875 0.3671875 0.0328125 0.09453125
1 0.27890625 0.29453125 0.02890625 0.11015625
1 0.29140625 0.31796875 0.0140625 0.06328125
1 0.3046875 0.278125 0.0171875 0.0484375
1 0.45703125 0.29140625 0.02109375 0.11015625
1 0.62734375 0.2234375 0.015625 0.03203125
1 0.7078125 0.23125 0.01953125 0.02734375
1 0.78671875 0.26015625 0.021875 0.0703125
1 0.83125 0.23359375 0.01484375 0.02890625
1 0.86953125 0.31953125 0.03203125 0.07109375
1 0.89921875 0.2875 0.02890625 0.109375
1 0.96484375 0.23125 0.021875 0.03046875
1 0.43515625 0.23046875 0.01953125 0.0265625
1 0.06875 0.3328125 0.0171875 0.053125
1 0.20625 0.27578125 0.0140625 0.0625