1 0.02109375 0.36171875 0.01953125 0.09140625
1 0.19296875 0.3421875 0.0265625 0.1375
1 0.2078125 0.32890625 0.03125 0.1453125
1 0.25390625 0.33515625 0.03125 0.12578125
1 0.2734375 0.271875 0.02578125 0.0890625
1 0.434375 0.346875 0.0265625 0.14375
1 0.4515625 0.34921875 0.0140625 0.10546875
0 0.440625 0.315625 0.01640625 0.0421875
1 0.515625 0.21953125 0.01953125 0.04765625
1 0.721875 0.29765625 0.02265625 0.1109375
1 0.63046875 0.2203125 0.0140625 0.04140625
1 0.56328125 0.21875 0.00859375 0.0515625
1 0.7125 0.22265625 0.01484375 0.03828125
1 0.825 0.225 0.02578125 0.04140625
1 0.9 0.23203125 0.0171875 0.025
1 0.9703125 0.2765625 0.03515625 0.0734375
1 0.95390625 0.234375 0.02734375 0.03125