1 0.153125 0.39296875 0.04296875 0.15
0 0.140625 0.3890625 0.0140625 0.02421875
1 0.07109375 0.3359375 0.01484375 0.05390625
1 0.19140625 0.34296875 0.02890625 0.13671875
1 0.2140625 0.32421875 0.0328125 0.1515625
1 0.2453125 0.33046875 0.03359375 0.15625
1 0.26484375 0.32265625 0.0265625 0.153125
1 0.32265625 0.27578125 0.03046875 0.0703125
1 0.43671875 0.37265625 0.03125 0.16015625
1 0.4609375 0.390625 0.01953125 0.11875
0 0.4390625 0.340625 0.02109375 0.05078125
1 0.521875 0.22265625 0.015625 0.04453125
1 0.65546875 0.29609375 0.02109375 0.11171875
1 0.56171875 0.215625 0.0078125 0.0453125
1 0.68828125 0.22734375 0.01796875 0.0328125
1 0.7546875 0.27421875 0.01953125 0.04140625
1 0.790625 0.27578125 0.0203125 0.03828125
1 0.91171875 0.2921875 0.02890625 0.11328125
1 0.7109375 0.221875 0.015625 0.04296875