1 0.20156250000000003 0.5277777777777778 0.07031250000000004 0.5277777777777778 0.07031250000000006 0.875 0.2015625000000001 0.875
1 0.17031250000000003 0.2861111111111111 0.1359375 0.2861111111111111 0.13593750000000002 0.45555555555555555 0.17031250000000003 0.45555555555555555
1 0.5046875 0.2666666666666667 0.48125 0.2666666666666667 0.48125 0.38888888888888906 0.5046875 0.38888888888888906
1 0.4328125 0.23888888888888896 0.4125 0.23888888888888896 0.4125 0.288888888888889 0.4328125 0.288888888888889
1 0.93125 0.3250000000000002 0.9046875 0.3250000000000002 0.9046875 0.38888888888888906 0.93125 0.38888888888888906
1 0.6515625 0.2972222222222224 0.63125 0.2972222222222224 0.63125 0.4083333333333335 0.6515625 0.4083333333333335
1 0.3390625 0.21944444444444453 0.3046875 0.21944444444444453 0.3046875 0.2944444444444445 0.3390625 0.2944444444444445
1 0.221875 0.2250000000000001 0.1984375 0.2250000000000001 0.19843750000000002 0.35277777777777786 0.221875 0.35277777777777786
1 0.4828125 0.2583333333333334 0.465625 0.2583333333333334 0.465625 0.3222222222222223 0.4828125 0.3222222222222223
1 0.41875 0.21666666666666676 0.3984375 0.21666666666666676 0.3984375 0.2472222222222223 0.41875 0.2472222222222223
1 0.5328125 0.1972222222222223 0.5125 0.1972222222222223 0.5125 0.25000000000000006 0.5328125 0.25000000000000006
1 0.66875 0.20000000000000015 0.6515625 0.20000000000000015 0.6515625 0.23888888888888904 0.66875 0.23888888888888904
1 0.66875 0.22777777777777794 0.6453125 0.22777777777777794 0.6453125 0.3388888888888891 0.66875 0.3388888888888891
1 0.584375 0.2166666666666668 0.5703125 0.2166666666666668 0.5703125 0.24722222222222237 0.584375 0.24722222222222237
1 0.84375 0.20833333333333348 0.8296875 0.20833333333333348 0.8296875 0.2444444444444446 0.84375 0.2444444444444446
1 0.846875 0.23611111111111127 0.8234375 0.23611111111111127 0.8234375 0.3083333333333335 0.846875 0.3083333333333335