1 0.1484375 0.70703125 0.10078125 0.2921875
1 0.46875 0.33359375 0.0390625 0.13515625
1 0.25859375 0.278125 0.0328125 0.04921875
1 0.2390625 0.30703125 0.0125 0.11640625
1 0.33359375 0.25625 0.025 0.059375
1 0.2109375 0.3546875 0.0265625 0.12734375
1 0.19375 0.3421875 0.0203125 0.11796875
1 0.153125 0.409375 0.03046875 0.1734375
1 0.14140625 0.3859375 0.0328125 0.190625
1 0.68515625 0.30625 0.0171875 0.12578125
1 0.8296875 0.2734375 0.02421875 0.09140625
1 0.8765625 0.29453125 0.0234375 0.1015625
1 0.86953125 0.22890625 0.021875 0.03671875
1 0.90625 0.23046875 0.01875 0.0328125
1 0.74140625 0.21796875 0.0203125 0.03671875
1 0.425 0.22578125 0.0265625 0.0359375
0 0.1484375 0.6578125 0.03515625 0.14921875