1 0.709375 0.3083333333333335 0.6859375 0.3083333333333335 0.6859375 0.4583333333333335 0.709375 0.4583333333333335
1 0.17812500000000003 0.2861111111111111 0.1453125 0.2861111111111111 0.1453125 0.45555555555555555 0.17812500000000003 0.45555555555555555
1 0.434375 0.23888888888888896 0.4140625 0.23888888888888896 0.4140625 0.288888888888889 0.434375 0.288888888888889
1 0.91875 0.3250000000000002 0.8890625 0.3250000000000002 0.8890625 0.38333333333333347 0.91875 0.38333333333333347
1 0.221875 0.30555555555555564 0.1875 0.30555555555555564 0.18750000000000003 0.45 0.221875 0.45
1 0.328125 0.21666666666666676 0.296875 0.21666666666666676 0.296875 0.31111111111111117 0.328125 0.31111111111111117
1 0.2234375 0.2250000000000001 0.2 0.2250000000000001 0.2 0.35277777777777786 0.2234375 0.35277777777777786
1 0.8453125 0.23888888888888904 0.821875 0.23888888888888904 0.821875 0.3250000000000002 0.8453125 0.3250000000000002
1 0.4875 0.2583333333333334 0.4640625 0.2583333333333334 0.4640625 0.3222222222222223 0.4875 0.3222222222222223
1 0.584375 0.2305555555555557 0.5640625 0.2305555555555557 0.5640625 0.3194444444444446 0.584375 0.3194444444444446
1 0.4453125 0.2222222222222223 0.425 0.2222222222222223 0.425 0.2472222222222223 0.4453125 0.2472222222222223
1 0.53125 0.20000000000000007 0.509375 0.20000000000000007 0.509375 0.24444444444444452 0.53125 0.24444444444444452
1 0.7203125 0.19722222222222238 0.703125 0.19722222222222238 0.703125 0.2444444444444446 0.7203125 0.2444444444444446
1 0.6671875 0.20277777777777795 0.65 0.20277777777777795 0.65 0.25000000000000017 0.6671875 0.25000000000000017
1 0.84375 0.2055555555555557 0.825 0.2055555555555557 0.825 0.24722222222222237 0.84375 0.24722222222222237
1 0.471875 0.4833333333333335 0.384375 0.4833333333333335 0.384375 0.7055555555555557 0.471875 0.7055555555555557