1 0.03984375 0.5296875 0.0734375 0.2515625
1 0.0109375 0.665625 0.021875 0.034375
1 0.0265625 0.4578125 0.05234375 0.17421875
1 0.15703125 0.36796875 0.03828125 0.17265625
1 0.19765625 0.34765625 0.021875 0.1421875
1 0.290625 0.278125 0.02265625 0.1125
1 0.32265625 0.25859375 0.021875 0.07265625
1 0.3328125 0.26953125 0.00703125 0.04296875
1 0.65703125 0.3578125 0.01796875 0.15234375
1 0.69453125 0.3359375 0.0296875 0.140625
1 0.52265625 0.21875 0.015625 0.0484375
1 0.56328125 0.21796875 0.009375 0.05
1 0.62890625 0.2265625 0.01796875 0.0296875
1 0.65234375 0.2234375 0.01640625 0.040625
1 0.79453125 0.26953125 0.02109375 0.04921875
1 0.78984375 0.20390625 0.00859375 0.01796875
1 0.80234375 0.21953125 0.01328125 0.04921875
1 0.90703125 0.23046875 0.015625 0.028125
1 0.9578125 0.2328125 0.01875 0.025
1 0.96796875 0.2796875 0.02421875 0.08359375