0 0.09453125 0.65 0.0296875 0.12578125
1 0.11484375 0.68203125 0.0671875 0.2921875
0 0.0421875 0.62578125 0.0515625 0.04765625
0 0.6734375 0.7 0.02109375 0.0453125
1 0.1921875 0.365625 0.0328125 0.15234375
1 0.22734375 0.33671875 0.02265625 0.13125
1 0.265625 0.39453125 0.03828125 0.10546875
1 0.28359375 0.30859375 0.0265625 0.09140625
1 0.24609375 0.30546875 0.0140625 0.103125
1 0.23515625 0.315625 0.0265625 0.1359375
1 0.11328125 0.29296875 0.015625 0.04609375
1 0.7046875 0.70625 0.0625 0.259375
1 0.86640625 0.58203125 0.05703125 0.23515625
1 0.8234375 0.50390625 0.07265625 0.18515625
1 0.678125 0.33046875 0.04296875 0.14296875
1 0.69609375 0.3296875 0.02734375 0.128125
1 0.71484375 0.27578125 0.02109375 0.0625
1 0.4234375 0.2265625 0.01953125 0.0328125
1 0.0890625 0.28359375 0.01796875 0.059375
1 0.74140625 0.22265625 0.02109375 0.040625
1 0.81015625 0.228125 0.01484375 0.03828125
1 0.82734375 0.23046875 0.01875 0.0328125
1 0.83046875 0.27734375 0.021875 0.0859375
1 0.87578125 0.2953125 0.0234375 0.10859375
1 0.8671875 0.228125 0.02578125 0.0359375
1 0.90859375 0.2328125 0.02109375 0.02890625