1 0.07968750000000005 0.3484375 0.020312500000000046 0.3484375 0.020312500000000056 0.5484375 0.07968750000000006 0.5484375
1 0.16093750000000004 0.33125 0.12968750000000004 0.33125 0.12968750000000004 0.5109375 0.16093750000000004 0.5109375
1 0.284375 0.2140625 0.25625 0.2140625 0.25625 0.325 0.284375 0.325
1 0.378125 0.24843750000000003 0.3546875 0.2484375 0.3546875 0.31562500000000004 0.378125 0.3156250000000001
1 0.6375 0.3375000000000001 0.6 0.3375000000000001 0.6 0.4265625 0.6375 0.4265625
1 0.63125 0.2562500000000001 0.609375 0.2562500000000001 0.609375 0.3687500000000001 0.63125 0.3687500000000001
1 0.69375 0.3421875000000001 0.6484375 0.3421875000000001 0.6484375 0.440625 0.69375 0.440625
1 0.8875 0.23593750000000008 0.8609375 0.23593750000000008 0.8609375 0.35625000000000007 0.8875 0.35625000000000007
1 0.9640625 0.23593750000000008 0.934375 0.23593750000000008 0.934375 0.33281250000000007 0.9640625 0.33281250000000007
1 0.9921875 0.21093750000000008 0.959375 0.21093750000000008 0.959375 0.2531250000000001 0.9921875 0.2531250000000001
0 0.9640625 0.2671875000000001 0.9515625 0.2671875000000001 0.9515625 0.2953125000000001 0.9640625 0.2953125000000001