1 0.275 0.2611111111111112 0.25 0.2611111111111112 0.25 0.37222222222222223 0.275 0.37222222222222223
1 0.19062500000000002 0.2888888888888889 0.1609375 0.28888888888888886 0.1609375 0.4527777777777778 0.19062500000000004 0.4527777777777778
1 0.9515625 0.28333333333333355 0.9140625 0.28333333333333355 0.9140625 0.3861111111111113 0.9515625 0.3861111111111113
1 0.58125 0.24166666666666684 0.565625 0.24166666666666684 0.565625 0.3166666666666668 0.58125 0.3166666666666668
1 0.3328125 0.24166666666666675 0.3015625 0.24166666666666675 0.3015625 0.313888888888889 0.3328125 0.313888888888889
1 0.715625 0.2055555555555557 0.703125 0.2055555555555557 0.703125 0.2444444444444446 0.715625 0.2444444444444446
1 0.221875 0.2250000000000001 0.1984375 0.2250000000000001 0.19843750000000002 0.35277777777777786 0.221875 0.35277777777777786
1 0.4875 0.2583333333333334 0.4640625 0.2583333333333334 0.4640625 0.32777777777777783 0.4875 0.32777777777777783
1 0.84375 0.23888888888888904 0.8140625 0.23888888888888904 0.8140625 0.3194444444444446 0.84375 0.3194444444444446
1 0.4359375 0.34166666666666673 0.3859375 0.34166666666666673 0.3859375 0.4638888888888891 0.4359375 0.4638888888888891
1 0.4578125 0.25000000000000006 0.4234375 0.25000000000000006 0.4234375 0.3861111111111113 0.4578125 0.3861111111111113
1 0.453125 0.21666666666666676 0.4296875 0.21666666666666676 0.4296875 0.25000000000000006 0.453125 0.25000000000000006
1 0.5296875 0.1972222222222223 0.50625 0.1972222222222223 0.50625 0.24444444444444452 0.5296875 0.24444444444444452
1 0.83125 0.21388888888888904 0.8109375 0.21388888888888904 0.8109375 0.24722222222222237 0.83125 0.24722222222222237