1 0.0265625 0.459375 0.05234375 0.17578125
1 0.15703125 0.4546875 0.03984375 0.1296875
1 0.15 0.33984375 0.0390625 0.103125
1 0.18359375 0.33671875 0.03046875 0.11875
1 0.309375 0.27578125 0.0140625 0.06875
1 0.29296875 0.25078125 0.0125 0.01796875
1 0.32421875 0.25703125 0.01953125 0.0734375
1 0.34375 0.2546875 0.0109375 0.07578125
0 0.328125 0.2484375 0.01015625 0.02421875
1 0.66796875 0.37265625 0.05234375 0.11640625
1 0.79453125 0.26875 0.0203125 0.05
1 0.61796875 0.23203125 0.015625 0.0265625
1 0.80859375 0.22578125 0.01328125 0.03515625
1 0.88515625 0.23125 0.02265625 0.03046875
1 0.9453125 0.27890625 0.0234375 0.0859375
1 0.95703125 0.2359375 0.021875 0.02890625
1 0.79453125 0.21015625 0.0125 0.021875
1 0.521875 0.22421875 0.0171875 0.04140625
1 0.5375 0.21484375 0.0078125 0.04296875
1 0.65546875 0.2265625 0.01328125 0.0328125
1 0.71328125 0.22265625 0.01328125 0.03515625