1 0.3218750000000001 0.54375 0.2375000000000001 0.54375 0.2375000000000001 0.8765625 0.3218750000000001 0.8765625
0 0.2953125000000001 0.590625 0.26250000000000007 0.590625 0.26250000000000007 0.7453125 0.2953125000000001 0.7453125
0 0.2296875000000001 0.6375 0.18125000000000008 0.6375 0.18125000000000008 0.7109375 0.2296875000000001 0.7109375
1 0.7046875 0.2796875000000001 0.6765625 0.2796875000000001 0.6765625 0.425 0.7046875 0.425
1 0.703125 0.2484375000000001 0.678125 0.2484375000000001 0.678125 0.3109375000000001 0.703125 0.3109375000000001
1 0.8203125 0.2328125000000001 0.7890625 0.2328125000000001 0.7890625 0.2968750000000001 0.8203125 0.2968750000000001
1 1 0.3312500000000001 0.9734375 0.3312500000000001 0.9734375 0.3921875000000001 1 0.3921875000000001
1 0.9984375 0.2562500000000001 0.9703125 0.2562500000000001 0.9703125 0.31718750000000007 0.9984375 0.31718750000000007
1 0.9875 0.23437500000000008 0.965625 0.23437500000000008 0.965625 0.30156250000000007 0.9875 0.30156250000000007
1 0.9828125 0.2171875000000001 0.9609375 0.2171875000000001 0.9609375 0.2500000000000001 0.9828125 0.2500000000000001
1 0.95 0.2406250000000001 0.9234375 0.2406250000000001 0.9234375 0.3265625000000001 0.95 0.3265625000000001
1 0.9 0.2375000000000001 0.86875 0.2375000000000001 0.86875 0.3500000000000001 0.9 0.3500000000000001
1 0.915625 0.21875000000000008 0.890625 0.21875000000000008 0.890625 0.3468750000000001 0.915625 0.3468750000000001
1 0.8390625 0.2093750000000001 0.8203125 0.2093750000000001 0.8203125 0.2484375000000001 0.8390625 0.2484375000000001
1 0.6390625 0.19687500000000008 0.61875 0.19687500000000008 0.61875 0.2468750000000001 0.6390625 0.2468750000000001
1 0.2828125 0.23125 0.2578125 0.23125 0.2578125 0.31875 0.2828125 0.31875