1 0.76171875 0.70078125 0.07421875 0.31328125
0 0.71640625 0.66484375 0.04921875 0.059375
1 0.26484375 0.40859375 0.0453125 0.0875
0 0.0546875 0.51953125 0.034375 0.0625
1 0.0359375 0.475 0.07109375 0.2171875
1 0.1296875 0.42421875 0.04375 0.1640625
1 0.153125 0.38046875 0.03671875 0.1546875
1 0.21875 0.3015625 0.03125 0.1296875
1 0.15234375 0.278125 0.01875 0.053125
1 0.275 0.25390625 0.02734375 0.0453125
1 0.30234375 0.29140625 0.0234375 0.08359375
1 0.46953125 0.31796875 0.03046875 0.14453125
1 0.5328125 0.2265625 0.01640625 0.0453125
1 0.6609375 0.2296875 0.01484375 0.028125
1 0.68125 0.30234375 0.0140625 0.11796875
1 0.834375 0.28046875 0.021875 0.10078125
1 0.87734375 0.346875 0.03359375 0.03671875
1 0.9296875 0.3765625 0.0328125 0.059375
1 0.940625 0.275 0.0234375 0.103125
1 0.9875 0.2921875 0.025 0.04765625
1 0.90234375 0.234375 0.02265625 0.034375
1 0.81796875 0.23515625 0.02578125 0.0234375