1 0.684375 0.5305555555555557 0.6265625 0.5305555555555557 0.6265625 0.8166666666666667 0.684375 0.8166666666666667
1 0.07343750000000003 0.3388888888888889 0.025000000000000022 0.3388888888888889 0.02500000000000003 0.5472222222222223 0.07343750000000004 0.5472222222222223
1 0.49375 0.2944444444444445 0.4640625 0.2944444444444445 0.4640625 0.4416666666666668 0.49375 0.4416666666666668
1 0.659375 0.23611111111111127 0.6328125 0.23611111111111127 0.6328125 0.3694444444444446 0.659375 0.3694444444444446
1 0.428125 0.23888888888888896 0.409375 0.23888888888888896 0.409375 0.288888888888889 0.428125 0.288888888888889
1 0.8890625 0.28888888888888903 0.859375 0.28888888888888903 0.859375 0.36111111111111127 0.8890625 0.36111111111111127
1 0.290625 0.2111111111111112 0.25625 0.2111111111111112 0.25625 0.31666666666666676 0.290625 0.31666666666666676
1 0.278125 0.2527777777777779 0.2453125 0.2527777777777779 0.2453125 0.36944444444444446 0.278125 0.36944444444444446
1 0.625 0.26666666666666683 0.60625 0.26666666666666683 0.60625 0.35555555555555574 0.625 0.35555555555555574
1 0.853125 0.23888888888888904 0.821875 0.23888888888888904 0.821875 0.3305555555555557 0.853125 0.3305555555555557
1 0.6453125 0.31388888888888905 0.6046875 0.31388888888888905 0.6046875 0.4055555555555557 0.6453125 0.4055555555555557
1 0.9796875 0.2444444444444447 0.9546875 0.2444444444444447 0.9546875 0.3194444444444447 0.9796875 0.3194444444444447
1 0.4390625 0.21666666666666676 0.41875 0.21666666666666676 0.41875 0.25000000000000006 0.4390625 0.25000000000000006
1 0.5296875 0.1972222222222223 0.509375 0.1972222222222223 0.509375 0.24444444444444452 0.5296875 0.24444444444444452
1 0.5484375 0.188888888888889 0.534375 0.18888888888888897 0.534375 0.23611111111111122 0.5484375 0.23611111111111127
0 0.75625 0.6388888888888891 0.73125 0.6388888888888891 0.73125 0.6777777777777779 0.75625 0.6777777777777779
0 0.6359375 0.3583333333333335 0.625 0.3583333333333335 0.625 0.39722222222222237 0.6359375 0.39722222222222237