1 0.07343750000000003 0.33611111111111114 0.025000000000000022 0.33611111111111114 0.02500000000000003 0.5472222222222223 0.07343750000000004 0.5472222222222223
1 0.290625 0.21388888888888896 0.25625 0.21388888888888896 0.25625 0.31666666666666676 0.290625 0.31666666666666676
1 0.725 0.26388888888888906 0.696875 0.26388888888888906 0.696875 0.40000000000000013 0.725 0.40000000000000013
1 0.4953125 0.2972222222222223 0.45625 0.2972222222222223 0.45625 0.45277777777777795 0.4953125 0.45277777777777795
1 0.584375 0.6638888888888891 0.5046875 0.6638888888888891 0.5046875 1 0.584375 1
1 0.9 0.24166666666666684 0.8703125 0.24166666666666684 0.8703125 0.3666666666666668 0.9 0.3666666666666668
1 0.84375 0.23611111111111127 0.821875 0.23611111111111127 0.821875 0.3250000000000002 0.84375 0.3250000000000002
1 0.890625 0.2944444444444446 0.8609375 0.2944444444444446 0.8609375 0.36111111111111127 0.890625 0.36111111111111127
1 0.4265625 0.26388888888888895 0.3859375 0.26388888888888895 0.3859375 0.38333333333333347 0.4265625 0.38333333333333347
1 0.43125 0.2361111111111112 0.4078125 0.2361111111111112 0.4078125 0.2861111111111112 0.43125 0.2861111111111112
1 0.446875 0.21388888888888896 0.425 0.21388888888888896 0.425 0.2472222222222223 0.446875 0.2472222222222223
1 0.5 0.2861111111111112 0.475 0.2861111111111112 0.475 0.35277777777777786 0.5 0.35277777777777786
1 0.5328125 0.19444444444444453 0.5046875 0.19444444444444453 0.5046875 0.2472222222222223 0.5328125 0.2472222222222223
1 0.6640625 0.20277777777777795 0.65 0.20277777777777795 0.65 0.24722222222222237 0.6640625 0.24722222222222237
1 0.721875 0.20000000000000015 0.7078125 0.20000000000000015 0.7078125 0.24166666666666684 0.721875 0.24166666666666684
1 0.6625 0.23611111111111127 0.634375 0.23611111111111127 0.634375 0.3583333333333335 0.6625 0.3583333333333335
1 0.6671875 0.30000000000000016 0.6390625 0.30000000000000016 0.6390625 0.3694444444444446 0.6671875 0.3694444444444446
1 0.9671875 0.21388888888888913 0.9484375 0.21388888888888913 0.9484375 0.2555555555555558 0.9671875 0.2555555555555558
1 0.6046875 0.5333333333333334 0.5359375 0.5333333333333334 0.5359375 0.6972222222222224 0.6046875 0.6972222222222224
0 0.575 0.9305555555555556 0.5453125 0.9305555555555556 0.5453125 1 0.575 1
0 0.653125 0.6305555555555558 0.6203125 0.6305555555555558 0.6203125 0.6833333333333335 0.653125 0.6833333333333335
0 0.49375 0.3666666666666668 0.484375 0.3666666666666668 0.484375 0.38888888888888906 0.49375 0.38888888888888906