1 0.38671875 0.47265625 0.059375 0.2171875
1 0.24375 0.35234375 0.0296875 0.11953125
1 0.28203125 0.3234375 0.02265625 0.08671875
0 0.2859375 0.33984375 0.01171875 0.034375
1 0.2171875 0.271875 0.02421875 0.0953125
1 0.22421875 0.27109375 0.0203125 0.0765625
1 0.13125 0.25546875 0.01484375 0.04609375
1 0.42421875 0.22578125 0.0234375 0.0328125
1 0.43984375 0.2953125 0.028125 0.10546875
1 0.5296875 0.23046875 0.01640625 0.0265625
1 0.60703125 0.38828125 0.0234375 0.0796875
1 0.65234375 0.2234375 0.015625 0.03984375
1 0.69140625 0.23359375 0.01953125 0.02421875
1 0.6875 0.22578125 0.01015625 0.02265625
1 0.7109375 0.221875 0.01328125 0.0421875
1 0.83359375 0.27265625 0.0203125 0.09609375
1 0.88828125 0.22890625 0.01484375 0.0296875
1 0.90234375 0.2296875 0.015625 0.03125
1 0.90703125 0.2859375 0.02890625 0.10859375
1 0.89609375 0.35078125 0.0328125 0.05859375
1 0.9890625 0.37109375 0.02109375 0.1125
1 0.1671875 0.27265625 0.01875 0.04140625