1 0.07343750000000003 0.33611111111111114 0.02343750000000002 0.33611111111111114 0.02343750000000003 0.5472222222222223 0.07343750000000004 0.5472222222222223
1 0.6734375 0.5416666666666669 0.6109375 0.5416666666666669 0.6109375 0.8194444444444444 0.6734375 0.8194444444444444
1 0.425 0.8861111111111111 0.3296875000000001 0.8861111111111111 0.3296875000000001 1 0.425 1
1 0.428125 0.23888888888888896 0.409375 0.23888888888888896 0.409375 0.288888888888889 0.428125 0.288888888888889
1 0.490625 0.29166666666666674 0.4578125 0.29166666666666674 0.4578125 0.4416666666666668 0.490625 0.4416666666666668
1 0.890625 0.29166666666666685 0.8609375 0.29166666666666685 0.8609375 0.36111111111111127 0.890625 0.36111111111111127
1 0.3125 0.25555555555555565 0.278125 0.25555555555555565 0.278125 0.3444444444444445 0.3125 0.3444444444444445
1 0.503125 0.288888888888889 0.478125 0.288888888888889 0.478125 0.4277777777777779 0.503125 0.4277777777777779
1 0.2921875 0.21388888888888896 0.2578125 0.21388888888888896 0.2578125 0.30555555555555564 0.2921875 0.30555555555555564
1 0.4421875 0.21666666666666676 0.41875 0.21666666666666676 0.41875 0.2472222222222223 0.4421875 0.2472222222222223
1 0.53125 0.1972222222222223 0.5109375 0.1972222222222223 0.5109375 0.2472222222222223 0.53125 0.2472222222222223
1 0.5453125 0.188888888888889 0.5328125 0.18888888888888897 0.5328125 0.238888888888889 0.5453125 0.23888888888888904
1 0.6640625 0.2333333333333335 0.63125 0.2333333333333335 0.63125 0.35555555555555574 0.6640625 0.35555555555555574
1 0.646875 0.2611111111111113 0.621875 0.2611111111111113 0.621875 0.3444444444444446 0.646875 0.3444444444444446
1 0.6484375 0.3166666666666668 0.61875 0.3166666666666668 0.61875 0.40000000000000013 0.6484375 0.40000000000000013
1 0.8484375 0.2305555555555557 0.8234375 0.2305555555555557 0.8234375 0.3111111111111113 0.8484375 0.3111111111111113
1 0.871875 0.23888888888888904 0.8484375 0.23888888888888904 0.8484375 0.3166666666666668 0.871875 0.3166666666666668
0 0.7484375 0.6333333333333335 0.7234375 0.6333333333333335 0.7234375 0.6833333333333335 0.7484375 0.6833333333333335
0 0.634375 0.35555555555555574 0.6203125 0.35555555555555574 0.6203125 0.38888888888888906 0.634375 0.38888888888888906
0 0.5078125 0.3083333333333334 0.496875 0.3083333333333334 0.496875 0.3361111111111112 0.5078125 0.3361111111111112