1 0.03046875 0.57578125 0.0609375 0.26875
1 0.0265625 0.46015625 0.053125 0.17578125
1 0.15546875 0.3890625 0.053125 0.18984375
1 0.134375 0.39140625 0.0328125 0.16015625
0 0.12421875 0.36640625 0.009375 0.02109375
1 0.3140625 0.2640625 0.01484375 0.0875
1 0.3046875 0.26796875 0.01484375 0.071875
1 0.29375 0.25 0.00625 0.01328125
0 0.3171875 0.2484375 0.009375 0.02578125
1 0.2171875 0.27421875 0.0328125 0.08828125
0 0.23046875 0.2609375 0.00625 0.02734375
1 0.47421875 0.2265625 0.01171875 0.0390625
1 0.51953125 0.22109375 0.01640625 0.04609375
1 0.5703125 0.2296875 0.021875 0.0296875
1 0.65625 0.22578125 0.00859375 0.0359375
1 0.6890625 0.23046875 0.01796875 0.028125
1 0.7234375 0.290625 0.02109375 0.1046875
1 0.78046875 0.27734375 0.01796875 0.0359375
1 0.83125 0.290625 0.021875 0.07734375
1 0.79609375 0.2203125 0.015625 0.046875
1 0.82578125 0.2234375 0.0234375 0.04140625
1 0.86875 0.23046875 0.02578125 0.03125
1 0.865625 0.23828125 0.01328125 0.01796875
1 0.91796875 0.290625 0.0375 0.11015625