1 0.45859375 0.53203125 0.0359375 0.26484375
1 0.15 0.6578125 0.06015625 0.2921875
0 0.13671875 0.61171875 0.03671875 0.128125
0 0.15 0.40078125 0.0234375 0.03984375
1 0.15546875 0.36953125 0.034375 0.16796875
1 0.2015625 0.3625 0.034375 0.15625
1 0.2265625 0.3328125 0.0296875 0.15234375
1 0.28203125 0.30390625 0.0234375 0.05859375
1 0.2953125 0.30234375 0.040625 0.05703125
1 0.23671875 0.26640625 0.0203125 0.0859375
1 0.20546875 0.24375 0.01796875 0.05703125
1 0.73671875 0.40078125 0.03828125 0.16171875
1 0.6859375 0.30546875 0.01953125 0.11875
1 0.8328125 0.27109375 0.021875 0.08203125
1 0.878125 0.2953125 0.02578125 0.11015625
1 0.865625 0.228125 0.02734375 0.04375
1 0.828125 0.22734375 0.015625 0.034375
1 0.96796875 0.27734375 0.02890625 0.08046875
1 0.94609375 0.23984375 0.03203125 0.03828125
0 0.45546875 0.5796875 0.02578125 0.07109375
1 0.703125 0.23046875 0.02578125 0.040625
1 0.946875 0.396875 0.05 0.05546875