1 0.071875 0.3359375 0.01328125 0.053125
1 0.19296875 0.3421875 0.0265625 0.1390625
1 0.20703125 0.32890625 0.03046875 0.1453125
1 0.23359375 0.353125 0.034375 0.134375
1 0.225 0.26875 0.0265625 0.078125
1 0.2703125 0.2734375 0.03125 0.08984375
1 0.39375 0.28828125 0.01953125 0.05390625
1 0.4734375 0.22890625 0.01171875 0.03046875
1 0.5140625 0.21953125 0.025 0.04609375
1 0.55859375 0.21796875 0.015625 0.05234375
1 0.68828125 0.29609375 0.02421875 0.11015625
1 0.71328125 0.221875 0.0125 0.03828125
1 0.79375 0.2078125 0.0125 0.02421875
1 0.8328125 0.228125 0.01484375 0.0359375
1 0.90546875 0.23359375 0.0140625 0.02421875
1 0.94296875 0.27890625 0.02890625 0.09140625
1 0.95625 0.2359375 0.01640625 0.02890625