1 0.15390625 0.39296875 0.04609375 0.15
0 0.146875 0.38671875 0.015625 0.021875
1 0.19140625 0.371875 0.04140625 0.1703125
1 0.240625 0.36171875 0.0375 0.17109375
1 0.21796875 0.3359375 0.01875 0.1359375
1 0.2328125 0.2765625 0.02890625 0.06328125
1 0.40390625 0.5 0.04609375 0.2328125
1 0.44375 0.51484375 0.028125 0.16796875
0 0.41015625 0.44921875 0.03046875 0.06875
1 0.4484375 0.371875 0.04140625 0.1671875
1 0.4796875 0.3171875 0.034375 0.13203125
1 0.5515625 0.2859375 0.02421875 0.0609375
1 0.68671875 0.296875 0.01796875 0.1125
1 0.5234375 0.21953125 0.015625 0.04921875
1 0.696875 0.22890625 0.021875 0.0328125
1 0.5609375 0.21796875 0.01171875 0.05
1 0.71171875 0.21953125 0.01328125 0.0375
1 0.91953125 0.290625 0.03515625 0.11484375
1 0.89765625 0.23203125 0.01953125 0.0296875