1 0.665625 0.27500000000000013 0.6390625 0.27500000000000013 0.6390625 0.4333333333333335 0.665625 0.4333333333333335
1 0.428125 0.23888888888888896 0.409375 0.23888888888888896 0.409375 0.288888888888889 0.428125 0.288888888888889
1 0.06406250000000004 0.33611111111111114 0.01562500000000002 0.33611111111111114 0.01562500000000003 0.5444444444444444 0.06406250000000005 0.5444444444444444
1 0.625 0.24722222222222237 0.603125 0.24722222222222237 0.603125 0.3083333333333335 0.625 0.3083333333333335
1 0.4875 0.2583333333333334 0.4625 0.2583333333333334 0.4625 0.3472222222222223 0.4875 0.3472222222222223
1 0.934375 0.2805555555555558 0.90625 0.2805555555555557 0.90625 0.38333333333333347 0.934375 0.38333333333333347
1 0.7625 0.2333333333333335 0.74375 0.2333333333333335 0.74375 0.2833333333333335 0.7625 0.2833333333333335
1 0.2609375 0.21666666666666676 0.23125 0.21666666666666676 0.23125 0.31666666666666676 0.2609375 0.31666666666666676
1 0.415625 0.38333333333333347 0.3671875 0.38333333333333347 0.3671875 0.5916666666666668 0.415625 0.5916666666666668
1 1 0.2305555555555558 0.971875 0.2305555555555558 0.971875 0.3138888888888891 1 0.3138888888888891
1 0.3890625 0.3722222222222223 0.3546875 0.37222222222222223 0.3546875 0.5694444444444445 0.3890625 0.5694444444444446
1 0.020312500000000025 0.32222222222222224 0.0015625000000000222 0.32222222222222224 0.0015625000000000252 0.4166666666666667 0.02031250000000003 0.4166666666666667
1 0.459375 0.4305555555555557 0.4046875 0.4305555555555557 0.4046875 0.5444444444444446 0.459375 0.5444444444444446
1 0.9 0.29166666666666685 0.8625 0.29166666666666685 0.8625 0.36388888888888904 0.9 0.36388888888888904
1 0.8453125 0.23611111111111127 0.825 0.23611111111111127 0.825 0.3250000000000002 0.8453125 0.3250000000000002
1 0.878125 0.23611111111111127 0.8578125 0.23611111111111127 0.8578125 0.32777777777777795 0.878125 0.32777777777777795
1 0.9 0.23888888888888904 0.88125 0.23888888888888904 0.88125 0.31388888888888905 0.9 0.31388888888888905
1 1 0.3194444444444447 0.96875 0.3194444444444447 0.96875 0.4333333333333335 1 0.4333333333333335
0 0.45625 0.5277777777777779 0.4265625 0.5277777777777779 0.4265625 0.5861111111111112 0.45625 0.5861111111111112
1 0.4484375 0.2222222222222223 0.4265625 0.2222222222222223 0.4265625 0.2472222222222223 0.4484375 0.2472222222222223
1 0.6359375 0.21111111111111128 0.6234375 0.21111111111111128 0.6234375 0.2444444444444446 0.6359375 0.2444444444444446
1 0.6671875 0.20277777777777795 0.65 0.20277777777777795 0.65 0.2444444444444446 0.6671875 0.2444444444444446