1 0.21093750000000003 0.2935185185185185 0.175 0.2935185185185185 0.17500000000000002 0.4527777777777778 0.21093750000000006 0.4527777777777778
1 0.4265625 0.20092592592592604 0.40572916666666664 0.20092592592592604 0.40572916666666664 0.2453703703703705 0.4265625 0.2453703703703705
1 0.396875 0.25555555555555565 0.371875 0.25555555555555565 0.371875 0.3074074074074075 0.396875 0.3074074074074075
1 0.7791666666666667 0.26111111111111135 0.753125 0.26111111111111135 0.753125 0.29722222222222244 0.7791666666666667 0.29722222222222244
1 0.8234375 0.23425925925925942 0.8041666666666667 0.23425925925925942 0.8041666666666667 0.3000000000000002 0.8234375 0.3000000000000002
1 0.9395833333333333 0.227777777777778 0.9182291666666667 0.227777777777778 0.9182291666666667 0.3314814814814817 0.9395833333333333 0.3314814814814817
1 0.8421875 0.2009259259259261 0.8296875 0.2009259259259261 0.8296875 0.252777777777778 0.8421875 0.252777777777778
1 0.7177083333333333 0.21481481481481499 0.7052083333333333 0.21481481481481499 0.7052083333333333 0.24444444444444455 0.7177083333333333 0.24444444444444455
1 0.628125 0.20370370370370386 0.6130208333333333 0.20370370370370386 0.6130208333333333 0.24814814814814826 0.628125 0.24814814814814826
1 0.66875 0.20000000000000015 0.6489583333333333 0.20000000000000015 0.6489583333333333 0.24444444444444455 0.66875 0.24444444444444455
1 0.22916666666666666 0.32685185185185184 0.21510416666666668 0.32685185185185184 0.21510416666666668 0.41203703703703703 0.22916666666666666 0.41203703703703703
0 0.1890625 0.3509259259259259 0.17604166666666668 0.3509259259259259 0.17604166666666668 0.39537037037037037 0.1890625 0.39537037037037037