0 0.1421875 0.6640625 0.0296875 0.1484375
1 0.14609375 0.7015625 0.10390625 0.30546875
1 0.146875 0.39921875 0.0328125 0.15859375
1 0.16484375 0.3609375 0.0328125 0.171875
1 0.2109375 0.35390625 0.02578125 0.12265625
1 0.19140625 0.3375 0.0234375 0.10546875
1 0.2421875 0.30625 0.021875 0.1125
1 0.271875 0.29140625 0.03046875 0.05703125
1 0.4484375 0.33828125 0.03984375 0.0875
1 0.44921875 0.2609375 0.0390625 0.0625
1 0.4171875 0.2265625 0.025 0.040625
1 0.6859375 0.30703125 0.01484375 0.1140625
1 0.8328125 0.2765625 0.0234375 0.0875
1 0.81171875 0.2375 0.0203125 0.0171875
1 0.87265625 0.23046875 0.02421875 0.0421875
1 0.90546875 0.2328125 0.01953125 0.03984375
1 0.87578125 0.296875 0.02734375 0.1046875
1 0.9484375 0.2921875 0.025 0.0609375
1 0.98984375 0.284375 0.0203125 0.05859375
1 0.65703125 0.23046875 0.01328125 0.03984375