1 0.17031250000000003 0.2861111111111111 0.1390625 0.2861111111111111 0.13906250000000003 0.45555555555555555 0.17031250000000003 0.45555555555555555
1 0.7671875 0.34166666666666684 0.725 0.34166666666666684 0.725 0.5500000000000002 0.7671875 0.5500000000000002
1 0.09218750000000003 0.325 0.02031250000000002 0.325 0.02031250000000003 0.5222222222222223 0.09218750000000005 0.5222222222222223
1 0.6515625 0.2972222222222224 0.6125 0.2972222222222224 0.6125 0.41111111111111126 0.6515625 0.41111111111111126
1 0.7203125 0.23888888888888904 0.6875 0.23888888888888904 0.6875 0.37777777777777793 0.7203125 0.37777777777777793
1 0.94375 0.3333333333333336 0.9140625 0.3333333333333336 0.9140625 0.40000000000000013 0.94375 0.40000000000000013
1 0.3328125 0.21666666666666676 0.3046875 0.21666666666666676 0.3046875 0.2972222222222223 0.3328125 0.2972222222222223
1 0.4328125 0.23888888888888896 0.4125 0.23888888888888896 0.4125 0.2861111111111112 0.4328125 0.2861111111111112
1 0.4875 0.2583333333333334 0.465625 0.2583333333333334 0.465625 0.31944444444444453 0.4875 0.31944444444444453
1 0.1125 0.2222222222222222 0.09375000000000003 0.2222222222222222 0.09375000000000003 0.2916666666666667 0.1125 0.2916666666666667
1 0.84375 0.23888888888888904 0.821875 0.23888888888888904 0.821875 0.3194444444444446 0.84375 0.3194444444444446
1 0.840625 0.21111111111111128 0.825 0.21111111111111128 0.825 0.24722222222222237 0.840625 0.24722222222222237
1 1 0.3055555555555558 0.9765625 0.3055555555555558 0.9765625 0.43888888888888905 1 0.43888888888888905
1 0.41875 0.21388888888888896 0.3984375 0.21388888888888896 0.3984375 0.2472222222222223 0.41875 0.2472222222222223
1 0.5328125 0.20277777777777786 0.515625 0.20277777777777786 0.515625 0.24444444444444452 0.5328125 0.24444444444444452
1 0.5734375 0.21388888888888904 0.55625 0.21388888888888904 0.55625 0.24722222222222237 0.5734375 0.24722222222222237
1 0.7203125 0.20000000000000015 0.7046875 0.20000000000000015 0.7046875 0.2444444444444446 0.7203125 0.2444444444444446
0 0.990625 0.3333333333333336 0.971875 0.3333333333333336 0.971875 0.37500000000000017 0.990625 0.37500000000000017
0 0.7578125 0.38888888888888906 0.740625 0.38888888888888906 0.740625 0.4333333333333335 0.7578125 0.4333333333333335
0 0.64375 0.3388888888888891 0.6265625 0.3388888888888891 0.6265625 0.37777777777777793 0.64375 0.37777777777777793
1 0.6953125 0.2333333333333335 0.6765625 0.2333333333333335 0.6765625 0.36111111111111127 0.6953125 0.36111111111111127