1 0.2833333333333333 0.24074074074074084 0.25885416666666666 0.24074074074074084 0.25885416666666666 0.35092592592592603 0.2833333333333333 0.35092592592592603
1 0.4276041666666667 0.21203703703703713 0.4109375 0.21203703703703713 0.4109375 0.2453703703703705 0.4276041666666667 0.2453703703703705
1 0.9057291666666667 0.29074074074074097 0.8765625 0.29074074074074097 0.8765625 0.37314814814814834 0.9057291666666667 0.37314814814814834
1 0.9609375 0.23333333333333353 0.9380208333333333 0.23333333333333353 0.9380208333333333 0.31481481481481505 0.9609375 0.31481481481481505
1 0.9901041666666667 0.23518518518518539 0.9604166666666667 0.23518518518518539 0.9604166666666667 0.2925925925925928 0.9901041666666667 0.2925925925925928
1 0.8072916666666666 0.18425925925925943 0.7916666666666666 0.18425925925925943 0.7916666666666666 0.23240740740740756 0.8072916666666666 0.23240740740740756
1 0.8458333333333333 0.2120370370370372 0.8328125 0.2120370370370372 0.8328125 0.2500000000000002 0.8458333333333333 0.2500000000000002
1 0.6927083333333334 0.21296296296296313 0.6838541666666667 0.21296296296296313 0.6838541666666667 0.24814814814814826 0.6927083333333334 0.24814814814814826
1 0.6697916666666667 0.19629629629629644 0.6453125 0.19629629629629644 0.6453125 0.24814814814814826 0.6697916666666667 0.24814814814814826
1 0.30052083333333335 0.26111111111111124 0.2875 0.26111111111111124 0.2875 0.3240740740740742 0.30052083333333335 0.3240740740740742
0 0.27239583333333334 0.28333333333333344 0.24791666666666667 0.28333333333333344 0.24791666666666667 0.3074074074074075 0.27239583333333334 0.3074074074074075
1 0.7473958333333334 0.24722222222222243 0.7286458333333333 0.24722222222222243 0.7286458333333333 0.30092592592592615 0.7473958333333334 0.30092592592592615