1 0.403125 0.3833333333333334 0.3546875 0.38333333333333336 0.3546875 0.5944444444444446 0.403125 0.5944444444444446
1 0.65 0.25833333333333347 0.628125 0.25833333333333347 0.628125 0.37500000000000017 0.65 0.37500000000000017
1 0.71875 0.25833333333333347 0.6875 0.25833333333333347 0.6875 0.3944444444444446 0.71875 0.3944444444444446
1 0.278125 0.21944444444444453 0.25625 0.21944444444444453 0.25625 0.31666666666666676 0.278125 0.31666666666666676
1 0.428125 0.23888888888888896 0.409375 0.23888888888888896 0.409375 0.29166666666666674 0.428125 0.29166666666666674
1 0.06406250000000004 0.3333333333333333 0.017187500000000022 0.3333333333333333 0.01718750000000003 0.5444444444444444 0.06406250000000005 0.5444444444444444
1 0.7703125 0.23611111111111127 0.7484375 0.23611111111111127 0.7484375 0.29166666666666685 0.7703125 0.29166666666666685
1 0.4875 0.2583333333333334 0.465625 0.2583333333333334 0.465625 0.3222222222222223 0.4875 0.3222222222222223
1 0.8921875 0.29166666666666685 0.859375 0.29166666666666685 0.859375 0.36111111111111127 0.8921875 0.36111111111111127
1 0.9390625 0.2805555555555558 0.90625 0.2805555555555557 0.90625 0.35277777777777797 0.9390625 0.352777777777778
1 0.023437500000000024 0.32222222222222224 0.0015625000000000222 0.32222222222222224 0.0015625000000000252 0.4166666666666667 0.023437500000000028 0.4166666666666667
0 0.484375 0.588888888888889 0.453125 0.588888888888889 0.453125 0.6500000000000001 0.484375 0.6500000000000001
1 0.4484375 0.21666666666666676 0.4265625 0.21666666666666676 0.4265625 0.2472222222222223 0.4484375 0.2472222222222223
1 0.5875 0.19722222222222238 0.5734375 0.19722222222222238 0.5734375 0.24166666666666684 0.5875 0.24166666666666684
1 0.8625 0.24166666666666684 0.834375 0.24166666666666684 0.834375 0.3388888888888891 0.8625 0.3388888888888891
1 0.975 0.29722222222222244 0.940625 0.29722222222222244 0.940625 0.4055555555555557 0.975 0.4055555555555557
1 0.984375 0.2416666666666669 0.9578125 0.2416666666666669 0.9578125 0.3138888888888891 0.984375 0.3138888888888891
1 0.475 0.4777777777777779 0.4171875 0.4777777777777779 0.4171875 0.5861111111111112 0.475 0.5861111111111112