1 0.146875 0.71796875 0.0828125 0.28671875
0 0.15859375 0.7046875 0.03515625 0.08359375
1 0.1671875 0.36875 0.03046875 0.14296875
1 0.06328125 0.47890625 0.05703125 0.20625
1 0.0796875 0.43359375 0.05703125 0.21171875
1 0.20859375 0.35078125 0.02578125 0.12421875
1 0.0671875 0.3203125 0.02265625 0.053125
1 0.27265625 0.29921875 0.0265625 0.10703125
1 0.29765625 0.278125 0.01875 0.09140625
1 0.3234375 0.25859375 0.01953125 0.08046875
1 0.3375 0.24765625 0.021875 0.07109375
1 0.715625 0.32734375 0.02734375 0.1359375
1 0.68515625 0.2734375 0.01640625 0.059375
1 0.76640625 0.221875 0.0234375 0.0453125
1 0.83984375 0.28046875 0.01796875 0.103125
1 0.8703125 0.2296875 0.0203125 0.03828125
1 0.95859375 0.2671875 0.02890625 0.0796875
1 0.921875 0.365625 0.03046875 0.06484375