1 0.0296875 0.45625 0.05859375 0.171875
1 0.16640625 0.39375 0.034375 0.2015625
1 0.2203125 0.35625 0.03359375 0.115625
1 0.2765625 0.34453125 0.03359375 0.134375
1 0.321875 0.275 0.03203125 0.0640625
1 0.29296875 0.2703125 0.015625 0.09140625
1 0.2078125 0.26640625 0.0203125 0.07265625
1 0.17421875 0.265625 0.0171875 0.04765625
1 0.70234375 0.4109375 0.04609375 0.15390625
1 0.865625 0.559375 0.05703125 0.2578125
1 0.91171875 0.646875 0.08359375 0.32109375
1 0.97890625 0.6890625 0.0421875 0.29765625
1 0.865625 0.3140625 0.0234375 0.07421875
1 0.91171875 0.32421875 0.0421875 0.0984375
1 0.90625 0.2578125 0.02109375 0.0671875
1 0.921875 0.26328125 0.01640625 0.06015625
1 0.81875 0.23203125 0.0203125 0.03046875
1 0.5234375 0.21953125 0.0140625 0.0453125
1 0.65859375 0.2265625 0.0171875 0.0390625
1 0.69296875 0.2328125 0.0171875 0.02578125
1 0.7859375 0.2046875 0.0171875 0.03046875
1 0.87265625 0.2296875 0.0234375 0.03359375
1 0.28046875 0.25078125 0.00625 0.01171875
1 0.55859375 0.2171875 0.01015625 0.05078125