1 0.11406250000000004 0.3472222222222222 0.07812500000000003 0.3472222222222222 0.07812500000000003 0.5111111111111111 0.11406250000000004 0.5111111111111111
1 0.4796875 0.24444444444444452 0.44375 0.24444444444444452 0.44375 0.38333333333333347 0.4796875 0.38333333333333347
1 0.1765625 0.28888888888888886 0.146875 0.28888888888888886 0.14687500000000003 0.4527777777777778 0.17656250000000004 0.4527777777777778
1 0.43125 0.23888888888888896 0.4109375 0.23888888888888896 0.4109375 0.288888888888889 0.43125 0.288888888888889
1 0.7125 0.28888888888888903 0.68125 0.28888888888888903 0.68125 0.38333333333333347 0.7125 0.38333333333333347
1 0.875 0.2944444444444446 0.853125 0.2944444444444446 0.853125 0.35000000000000014 0.875 0.35000000000000014
1 0.565625 0.24166666666666684 0.5453125 0.24166666666666684 0.5453125 0.3166666666666668 0.565625 0.3166666666666668
1 0.3234375 0.23888888888888896 0.2984375 0.23888888888888896 0.2984375 0.32500000000000007 0.3234375 0.32500000000000007
1 0.221875 0.2250000000000001 0.2 0.2250000000000001 0.2 0.35277777777777786 0.221875 0.35277777777777786
1 0.4875 0.25555555555555565 0.4671875 0.25555555555555565 0.4671875 0.3222222222222223 0.4875 0.3222222222222223
1 0.4671875 0.4833333333333335 0.3765625 0.4833333333333335 0.3765625 0.6972222222222224 0.4671875 0.6972222222222224
1 0.4453125 0.21666666666666676 0.425 0.21666666666666676 0.425 0.2472222222222223 0.4453125 0.2472222222222223
1 0.53125 0.20277777777777786 0.5109375 0.20277777777777786 0.5109375 0.2472222222222223 0.53125 0.2472222222222223
1 0.71875 0.19722222222222238 0.703125 0.19722222222222238 0.703125 0.24166666666666684 0.71875 0.24166666666666684
0 0.7140625 0.3305555555555557 0.6953125 0.3305555555555557 0.6953125 0.35555555555555574 0.7140625 0.35555555555555574