1 0.06250000000000003 0.34444444444444444 0.010937500000000025 0.34444444444444444 0.010937500000000032 0.5444444444444444 0.06250000000000004 0.5444444444444444
1 0.671875 0.5333333333333334 0.621875 0.5333333333333334 0.621875 0.8222222222222222 0.671875 0.8222222222222222
1 0.6578125 0.23888888888888904 0.6296875 0.23888888888888904 0.6296875 0.3694444444444446 0.6578125 0.3694444444444446
1 0.4375 0.23888888888888896 0.415625 0.23888888888888896 0.415625 0.2861111111111112 0.4375 0.2861111111111112
1 0.4921875 0.29166666666666674 0.4671875 0.29166666666666674 0.4671875 0.4416666666666668 0.4921875 0.4416666666666668
1 0.6890625 0.3388888888888891 0.6546875 0.3388888888888891 0.6546875 0.4555555555555557 0.6890625 0.4555555555555557
1 0.6484375 0.3111111111111113 0.61875 0.3111111111111113 0.61875 0.4083333333333335 0.6484375 0.4083333333333335
1 0.84375 0.23611111111111127 0.821875 0.23611111111111127 0.821875 0.3194444444444446 0.84375 0.3194444444444446
1 0.859375 0.2694444444444446 0.8328125 0.2694444444444446 0.8328125 0.3388888888888891 0.859375 0.3388888888888891
1 0.215625 0.2222222222222223 0.196875 0.2222222222222223 0.196875 0.3222222222222223 0.215625 0.3222222222222223
1 0.5296875 0.18888888888888897 0.5140625 0.18888888888888897 0.5140625 0.24166666666666675 0.5296875 0.24166666666666675
1 0.503125 0.288888888888889 0.4828125 0.288888888888889 0.4828125 0.4361111111111113 0.503125 0.4361111111111113
1 0.41875 0.21666666666666676 0.3984375 0.21666666666666676 0.3984375 0.2472222222222223 0.41875 0.2472222222222223
1 0.703125 0.21388888888888904 0.6859375 0.21388888888888904 0.6859375 0.24722222222222237 0.703125 0.24722222222222237
1 0.7265625 0.2333333333333335 0.6984375 0.2333333333333335 0.6984375 0.3666666666666668 0.7265625 0.3666666666666668
1 0.759375 0.23611111111111127 0.7328125 0.23611111111111127 0.7328125 0.30000000000000016 0.759375 0.30000000000000016
0 0.75 0.6333333333333335 0.7296875 0.6333333333333335 0.7296875 0.6777777777777779 0.75 0.6777777777777779
0 0.49375 0.3666666666666668 0.484375 0.3666666666666668 0.484375 0.3944444444444446 0.49375 0.3944444444444446
0 0.5078125 0.33055555555555566 0.496875 0.33055555555555566 0.496875 0.35555555555555574 0.5078125 0.35555555555555574
0 0.6390625 0.35555555555555574 0.6296875 0.35555555555555574 0.6296875 0.3861111111111113 0.6390625 0.3861111111111113