1 0.06640625 0.653125 0.10234375 0.290625
0 0.1109375 0.46796875 0.02890625 0.04921875
0 0.08671875 0.5625 0.03828125 0.0515625
0 0.46796875 0.378125 0.01640625 0.04765625
1 0.03515625 0.44296875 0.0703125 0.18515625
1 0.1140625 0.425 0.0421875 0.2
1 0.16484375 0.3796875 0.03515625 0.16171875
1 0.21875 0.29765625 0.03125 0.1296875
1 0.1515625 0.2734375 0.01640625 0.04921875
1 0.4515625 0.38046875 0.03671875 0.1703125
1 0.7609375 0.5328125 0.05859375 0.24609375
1 0.6828125 0.30703125 0.015625 0.1140625
1 0.72421875 0.278125 0.01875 0.0453125
1 0.75078125 0.28125 0.01328125 0.0359375
1 0.6625 0.23203125 0.0140625 0.0328125
1 0.890625 0.3 0.02421875 0.121875
1 0.92578125 0.346875 0.04140625 0.09140625
1 0.921875 0.27890625 0.025 0.07109375
1 0.98125 0.278125 0.01953125 0.0859375
1 0.97578125 0.234375 0.01953125 0.034375