1 0.17343750000000005 0.325 0.13750000000000004 0.325 0.13750000000000004 0.4861111111111111 0.17343750000000005 0.4861111111111111
1 0.23125 0.2250000000000001 0.2 0.2250000000000001 0.2 0.35277777777777786 0.23125 0.35277777777777786
1 0.5640625 0.23055555555555568 0.540625 0.23055555555555562 0.540625 0.313888888888889 0.5640625 0.31388888888888905
1 0.4359375 0.23888888888888896 0.4171875 0.23888888888888896 0.4171875 0.2861111111111112 0.4359375 0.2861111111111112
1 0.91875 0.3250000000000002 0.890625 0.3250000000000002 0.890625 0.38333333333333347 0.91875 0.38333333333333347
1 0.8375 0.21111111111111128 0.8171875 0.21111111111111128 0.8171875 0.2444444444444446 0.8375 0.2444444444444446
1 0.8453125 0.23611111111111127 0.821875 0.23611111111111127 0.821875 0.32222222222222235 0.8453125 0.32222222222222235
1 0.328125 0.21666666666666676 0.296875 0.21666666666666676 0.296875 0.31111111111111117 0.328125 0.31111111111111117
1 0.1765625 0.28888888888888886 0.146875 0.28888888888888886 0.14687500000000003 0.44722222222222224 0.17656250000000004 0.44722222222222224
1 0.4875 0.2583333333333334 0.4640625 0.2583333333333334 0.4640625 0.3472222222222223 0.4875 0.3472222222222223
1 0.4671875 0.48611111111111127 0.3828125 0.48611111111111127 0.38281250000000006 0.7111111111111111 0.4671875 0.7111111111111111
1 0.7265625 0.3027777777777779 0.69375 0.3027777777777779 0.69375 0.3694444444444446 0.7265625 0.3694444444444446
0 0.7171875 0.3666666666666668 0.6921875 0.3666666666666668 0.6921875 0.3944444444444446 0.7171875 0.3944444444444446
1 0.5296875 0.20000000000000007 0.509375 0.20000000000000007 0.509375 0.24444444444444452 0.5296875 0.24444444444444452
1 0.446875 0.21666666666666676 0.4234375 0.21666666666666676 0.4234375 0.2472222222222223 0.446875 0.2472222222222223
1 0.6375 0.21111111111111128 0.6203125 0.21111111111111128 0.6203125 0.2444444444444446 0.6375 0.2444444444444446