0 0.11796875 0.44140625 0.02734375 0.05859375
0 0.134375 0.62578125 0.0359375 0.12734375
0 0.4265625 0.51796875 0.0171875 0.04609375
1 0.128125 0.3984375 0.034375 0.1890625
1 0.1703125 0.35390625 0.03671875 0.14921875
1 0.19375 0.34453125 0.02734375 0.1359375
1 0.22109375 0.328125 0.02421875 0.12734375
1 0.23984375 0.3125 0.02578125 0.14453125
1 0.28984375 0.3078125 0.02421875 0.0703125
1 0.3125 0.2796875 0.01953125 0.0625
1 0.2984375 0.253125 0.02109375 0.05703125
1 0.153125 0.6625 0.07265625 0.30390625
1 0.44765625 0.4953125 0.05234375 0.23125
1 0.7609375 0.428125 0.0390625 0.1625
1 0.7359375 0.40390625 0.02734375 0.146875
1 0.68671875 0.30625 0.015625 0.11796875
1 0.80859375 0.27265625 0.0296875 0.05
1 0.828125 0.228125 0.021875 0.0359375
1 0.834375 0.2765625 0.0234375 0.08203125
1 0.7046875 0.23046875 0.028125 0.03046875
1 0.4265625 0.22421875 0.02890625 0.0359375
1 0.8765625 0.2953125 0.02109375 0.10078125
1 0.96015625 0.27265625 0.025 0.09296875
1 0.90625 0.23046875 0.02734375 0.03671875
1 0.009375 0.3765625 0.01875 0.084375