0 0.14453125 0.6640625 0.03203125 0.1484375
1 0.14453125 0.69921875 0.10703125 0.30546875
1 0.15 0.41171875 0.03125 0.1703125
1 0.15859375 0.36796875 0.04140625 0.17421875
1 0.21015625 0.3515625 0.028125 0.12421875
1 0.1953125 0.34765625 0.0234375 0.12734375
1 0.24296875 0.3078125 0.021875 0.11796875
1 0.26484375 0.321875 0.02421875 0.128125
1 0.40234375 0.2609375 0.0328125 0.06328125
1 0.45390625 0.31953125 0.03671875 0.0671875
1 0.4171875 0.2234375 0.025 0.03203125
1 0.684375 0.30546875 0.0171875 0.11640625
1 0.828125 0.27578125 0.0234375 0.08828125
1 0.87421875 0.2296875 0.03046875 0.03828125
1 0.8765625 0.296875 0.0234375 0.10703125
1 0.96015625 0.2953125 0.03203125 0.0609375
1 0.90625 0.2296875 0.0203125 0.03828125