1 0.0328125 0.5375 0.065625 0.23125
1 0.04375 0.45703125 0.06171875 0.175
1 0.16640625 0.39375 0.03515625 0.19921875
1 0.2671875 0.33671875 0.02734375 0.13828125
1 0.2234375 0.3 0.0234375 0.109375
1 0.309375 0.2828125 0.0296875 0.07578125
1 0.28671875 0.28984375 0.025 0.10859375
1 0.29140625 0.24140625 0.0140625 0.03671875
1 0.76328125 0.534375 0.06171875 0.2671875
1 0.803125 0.4859375 0.0484375 0.2171875
1 0.5234375 0.2234375 0.01640625 0.04609375
1 0.575 0.2765625 0.01640625 0.08125
1 0.690625 0.2359375 0.021875 0.02890625
1 0.89921875 0.3203125 0.0375 0.1078125
1 0.8859375 0.3171875 0.01796875 0.090625
1 0.91640625 0.271875 0.0234375 0.078125
1 0.9 0.25546875 0.02421875 0.05859375
1 0.8703125 0.2296875 0.02578125 0.03203125
1 0.815625 0.23046875 0.0171875 0.0296875
1 0.78203125 0.20078125 0.009375 0.0234375