0 0.0875 0.56484375 0.021875 0.03984375
0 0.34296875 0.4796875 0.02421875 0.05390625
0 0.0484375 0.4921875 0.02421875 0.05
1 0.3515625 0.51484375 0.06328125 0.2328125
1 0.0234375 0.4140625 0.04609375 0.12421875
1 0.196875 0.353125 0.028125 0.15078125
1 0.240625 0.303125 0.03125 0.13515625
1 0.3203125 0.2921875 0.01640625 0.0421875
1 0.328125 0.27734375 0.01953125 0.040625
1 0.1375 0.28671875 0.0296875 0.07578125
1 0.64921875 0.32578125 0.0234375 0.14140625
1 0.684375 0.27421875 0.00859375 0.0625
1 0.78359375 0.2640625 0.03515625 0.059375
1 0.66015625 0.23046875 0.01640625 0.0328125
1 0.8171875 0.2296875 0.0140625 0.0328125
1 0.87265625 0.23203125 0.02578125 0.0359375
1 0.8796875 0.3 0.0265625 0.11640625
1 0.89921875 0.33359375 0.028125 0.06640625
1 0.94765625 0.35703125 0.03671875 0.09765625
1 0.928125 0.28359375 0.02734375 0.09140625
1 0.98125 0.271875 0.034375 0.09140625
1 0.90625 0.234375 0.01796875 0.03984375