1 0.11484375 0.68671875 0.0703125 0.29375
1 0.47421875 0.6765625 0.07734375 0.32109375
1 0.26484375 0.396875 0.04296875 0.1109375
1 0.28515625 0.3046875 0.025 0.07578125
1 0.19296875 0.35703125 0.03046875 0.1453125
1 0.1484375 0.2703125 0.0234375 0.05390625
1 0.1171875 0.3 0.01484375 0.06875
1 0.225 0.33046875 0.028125 0.12421875
1 0.23125 0.30859375 0.02734375 0.12578125
1 0.24375 0.30078125 0.01796875 0.1046875
1 0.83125 0.546875 0.05234375 0.21796875
1 0.84765625 0.44609375 0.0703125 0.09296875
1 0.80859375 0.27109375 0.02890625 0.05
1 0.68359375 0.30390625 0.015625 0.11875
1 0.65859375 0.23046875 0.0171875 0.028125
1 0.74140625 0.22578125 0.02265625 0.04375
1 0.4234375 0.2265625 0.0171875 0.03671875
0 0.09453125 0.65078125 0.02734375 0.1296875
1 0.56796875 0.2796875 0.0234375 0.07265625
1 0.94609375 0.28984375 0.0265625 0.0765625
1 0.8765625 0.29609375 0.0234375 0.103125
1 0.9078125 0.2328125 0.0234375 0.02890625
1 0.83203125 0.27421875 0.02265625 0.09140625
1 0.82421875 0.23125 0.015625 0.02890625
1 0.81328125 0.2265625 0.0140625 0.0359375
1 0.83984375 0.221875 0.0125 0.034375