1 0.0265625 0.45859375 0.05234375 0.175
1 0.2578125 0.38046875 0.03828125 0.146875
1 0.17109375 0.3640625 0.04296875 0.1765625
1 0.23984375 0.3640625 0.02734375 0.146875
1 0.1828125 0.35859375 0.02421875 0.14453125
1 0.30859375 0.26875 0.01640625 0.07265625
1 0.29453125 0.25078125 0.0078125 0.0140625
1 0.3328125 0.25546875 0.01796875 0.07890625
0 0.33671875 0.246875 0.00859375 0.02890625
1 0.70078125 0.42421875 0.04375 0.1921875
1 0.665625 0.42578125 0.04296875 0.12890625
1 0.4140625 0.228125 0.01328125 0.03125
1 0.5625 0.2296875 0.01484375 0.03203125
1 0.51953125 0.22109375 0.01328125 0.04140625
1 0.65625 0.22578125 0.01171875 0.03671875
1 0.79375 0.26875 0.021875 0.05
1 0.7953125 0.21875 0.015625 0.04609375
1 0.83515625 0.2296875 0.0140625 0.034375
1 0.9234375 0.2828125 0.02734375 0.09296875
1 0.88203125 0.2296875 0.01875 0.03046875