1 0.12812500000000004 0.3416666666666667 0.08906250000000002 0.3416666666666667 0.08906250000000003 0.5138888888888888 0.12812500000000004 0.5138888888888888
1 0.1765625 0.28888888888888886 0.1484375 0.28888888888888886 0.14843750000000003 0.4527777777777778 0.17656250000000004 0.4527777777777778
1 0.915625 0.33055555555555577 0.8890625 0.3305555555555557 0.8890625 0.3805555555555557 0.915625 0.3805555555555557
1 0.4359375 0.23888888888888896 0.4171875 0.23888888888888896 0.4171875 0.2861111111111112 0.4359375 0.2861111111111112
1 0.221875 0.2250000000000001 0.2 0.2250000000000001 0.2 0.35277777777777786 0.221875 0.35277777777777786
1 0.8703125 0.2944444444444446 0.840625 0.2944444444444446 0.840625 0.3472222222222224 0.8703125 0.3472222222222224
1 0.325 0.21944444444444453 0.3015625 0.21944444444444453 0.3015625 0.31111111111111117 0.325 0.31111111111111117
1 0.5421875 0.23888888888888896 0.51875 0.23888888888888896 0.51875 0.2972222222222223 0.5421875 0.2972222222222223
1 0.8375 0.21111111111111128 0.8171875 0.21111111111111128 0.8171875 0.2444444444444446 0.8375 0.2444444444444446
1 0.1640625 0.24166666666666667 0.1421875 0.24166666666666667 0.1421875 0.29444444444444445 0.1640625 0.29444444444444445
1 0.4875 0.2583333333333334 0.4640625 0.2583333333333334 0.4640625 0.3472222222222223 0.4875 0.3472222222222223
1 0.4640625 0.4833333333333335 0.38125 0.4833333333333335 0.38125000000000003 0.6944444444444446 0.4640625 0.6944444444444446
1 0.7328125 0.3027777777777779 0.703125 0.3027777777777779 0.703125 0.36388888888888904 0.7328125 0.36388888888888904
0 0.73125 0.35555555555555574 0.7109375 0.35555555555555574 0.7109375 0.38888888888888906 0.73125 0.38888888888888906
1 0.5296875 0.1972222222222223 0.509375 0.1972222222222223 0.509375 0.24166666666666675 0.5296875 0.24166666666666675
1 0.6390625 0.21111111111111128 0.61875 0.21111111111111128 0.61875 0.24722222222222237 0.6390625 0.24722222222222237