1 0.45000000000000007 0.553125 0.3453125000000001 0.553125 0.3453125000000001 0.8875 0.4500000000000002 0.8875
0 0.4062500000000001 0.5984375 0.3687500000000001 0.5984375 0.3687500000000001 0.7578125 0.40625000000000017 0.7578125
0 0.33281250000000007 0.6359375 0.2828125000000001 0.6359375 0.2828125000000001 0.7171875 0.33281250000000007 0.7171875
1 0.9015625 0.2375000000000001 0.8671875 0.2375000000000001 0.8671875 0.3515625000000001 0.9015625 0.3515625000000001
1 0.953125 0.2406250000000001 0.9234375 0.2406250000000001 0.9234375 0.3265625000000001 0.953125 0.3265625000000001
1 0.9875 0.2296875000000001 0.9625 0.2296875000000001 0.9625 0.3203125000000001 0.9875 0.3203125000000001
1 0.9875 0.21875000000000008 0.9609375 0.21875000000000008 0.9609375 0.2453125000000001 0.9875 0.2453125000000001
1 0.915625 0.22031250000000008 0.8953125 0.22031250000000008 0.8953125 0.34062500000000007 0.915625 0.34062500000000007
1 0.825 0.2328125000000001 0.79375 0.2328125000000001 0.79375 0.2953125000000001 0.825 0.2953125000000001
1 0.840625 0.21250000000000008 0.821875 0.21250000000000008 0.821875 0.2500000000000001 0.840625 0.2500000000000001
1 0.7171875 0.28593750000000007 0.6828125 0.28593750000000007 0.6828125 0.44375 0.7171875 0.44375
1 0.703125 0.2500000000000001 0.6796875 0.2500000000000001 0.6796875 0.3265625000000001 0.703125 0.3265625000000001
1 0.2828125 0.23125 0.2578125 0.23125 0.2578125 0.3171875 0.2828125 0.3171875