1 0.0109375 0.37109375 0.02109375 0.09453125
1 0.19375 0.3421875 0.025 0.13984375
1 0.20859375 0.32734375 0.0328125 0.14921875
0 0.20703125 0.32265625 0.01171875 0.0265625
1 0.2578125 0.275 0.01796875 0.09375
1 0.43203125 0.34609375 0.02734375 0.14375
0 0.43671875 0.315625 0.01796875 0.04296875
1 0.4453125 0.3578125 0.0078125 0.10078125
1 0.5203125 0.21875 0.0140625 0.046875
1 0.7484375 0.221875 0.01875 0.03984375
1 0.71328125 0.22265625 0.01171875 0.03671875
1 0.78515625 0.26875 0.0203125 0.05
1 0.65390625 0.22890625 0.00703125 0.0296875
1 0.81796875 0.228125 0.02265625 0.03515625
1 0.83515625 0.22734375 0.01796875 0.03515625
1 0.9703125 0.27734375 0.03046875 0.0875
1 0.95625 0.23203125 0.0171875 0.0234375