1 0.028125 0.3609375 0.02890625 0.0859375
1 0.0078125 0.38125 0.015625 0.065625
1 0.190625 0.3421875 0.0296875 0.1359375
1 0.20703125 0.33046875 0.03359375 0.14453125
1 0.25234375 0.31640625 0.02890625 0.11484375
1 0.2734375 0.271875 0.02265625 0.0890625
1 0.16953125 0.2671875 0.01640625 0.053125
1 0.4296875 0.36484375 0.02578125 0.15390625
0 0.43203125 0.33125 0.01875 0.040625
1 0.45859375 0.3703125 0.021875 0.1125
1 0.5203125 0.2203125 0.01796875 0.046875
1 0.74765625 0.2203125 0.01953125 0.04609375
1 0.6828125 0.22890625 0.00625 0.028125
1 0.8078125 0.221875 0.0203125 0.04609375
1 0.83515625 0.228125 0.015625 0.0359375
1 0.90703125 0.2328125 0.015625 0.02265625
1 0.9515625 0.2359375 0.0171875 0.0296875
1 0.9703125 0.27890625 0.03203125 0.0828125
1 0.55859375 0.2171875 0.01328125 0.05078125
1 0.74453125 0.26875 0.01875 0.0484375