1 0.11171875 0.4265625 0.04453125 0.19453125
1 0.03671875 0.44765625 0.05703125 0.17890625
1 0.1984375 0.396875 0.0359375 0.121875
0 0.115625 0.46328125 0.02890625 0.05703125
1 0.21328125 0.3515625 0.03203125 0.121875
1 0.21796875 0.2953125 0.0328125 0.12265625
1 0.15234375 0.26953125 0.025 0.053125
1 0.6890625 0.34296875 0.0265625 0.1484375
1 0.565625 0.22109375 0.015625 0.0421875
1 0.90859375 0.2828125 0.01640625 0.06640625
1 0.94375 0.2921875 0.0265625 0.05
1 0.98046875 0.2734375 0.02265625 0.08203125
1 0.88671875 0.28046875 0.025 0.08203125
1 0.92578125 0.26796875 0.0171875 0.059375
1 0.91015625 0.23359375 0.01484375 0.0328125
1 0.81953125 0.225 0.02265625 0.03671875
0 0.08125 0.56328125 0.02265625 0.03984375