1 0.17031250000000003 0.2861111111111111 0.1375 0.2861111111111111 0.1375 0.45555555555555555 0.17031250000000003 0.45555555555555555
1 0.07812500000000003 0.325 0.02031250000000002 0.325 0.020312500000000032 0.5305555555555556 0.07812500000000004 0.5305555555555556
1 0.6640625 0.3055555555555557 0.640625 0.3055555555555557 0.640625 0.4083333333333335 0.6640625 0.4083333333333335
1 0.43125 0.23888888888888896 0.4109375 0.23888888888888896 0.4109375 0.2944444444444445 0.43125 0.2944444444444445
1 0.8875 0.5250000000000001 0.821875 0.5250000000000001 0.821875 0.8527777777777781 0.8875 0.8527777777777781
1 0.9671875 0.2444444444444447 0.9421875 0.2444444444444447 0.9421875 0.3138888888888891 0.9671875 0.3138888888888891
1 0.5828125 0.23888888888888904 0.565625 0.23888888888888904 0.565625 0.3194444444444446 0.5828125 0.3194444444444446
1 1 0.2916666666666669 0.971875 0.2916666666666669 0.971875 0.43888888888888905 1 0.43888888888888905
1 0.840625 0.21111111111111128 0.825 0.21111111111111128 0.825 0.24722222222222237 0.840625 0.24722222222222237
1 0.8453125 0.23888888888888904 0.8203125 0.23888888888888904 0.8203125 0.3250000000000002 0.8453125 0.3250000000000002
1 0.4875 0.2583333333333334 0.465625 0.2583333333333334 0.465625 0.3222222222222223 0.4875 0.3222222222222223
1 0.3046875 0.21666666666666676 0.2828125 0.21666666666666676 0.2828125 0.313888888888889 0.3046875 0.313888888888889
1 0.4234375 0.21666666666666676 0.4046875 0.21666666666666676 0.4046875 0.24444444444444452 0.4234375 0.24444444444444452
1 0.5296875 0.1972222222222223 0.5109375 0.1972222222222223 0.5109375 0.24444444444444452 0.5296875 0.24444444444444452
1 0.7203125 0.20000000000000015 0.70625 0.20000000000000015 0.70625 0.2444444444444446 0.7203125 0.2444444444444446
0 0.8375 0.6083333333333335 0.8203125 0.6083333333333335 0.8203125 0.6722222222222224 0.8375 0.6722222222222224
0 0.659375 0.3388888888888891 0.6484375 0.3388888888888891 0.6484375 0.3666666666666668 0.659375 0.3666666666666668