1 0.058333333333333355 0.3 0.02604166666666669 0.3 0.02604166666666669 0.3537037037037037 0.05833333333333336 0.3537037037037037
1 0.17447916666666666 0.23703703703703705 0.14635416666666667 0.23703703703703705 0.14635416666666667 0.3037037037037037 0.17447916666666666 0.3037037037037037
1 0.43125 0.2074074074074075 0.4078125 0.2074074074074075 0.4078125 0.24351851851851863 0.43125 0.24351851851851863
1 0.6333333333333333 0.1981481481481483 0.6109375 0.1981481481481483 0.6109375 0.2527777777777779 0.6333333333333333 0.2527777777777779
1 0.7208333333333333 0.19629629629629644 0.7 0.19629629629629644 0.7 0.25462962962962976 0.7208333333333333 0.25462962962962976
1 0.8182291666666667 0.19629629629629644 0.8015625 0.19629629629629644 0.8015625 0.24907407407407428 0.8182291666666667 0.24907407407407428
1 0.8416666666666667 0.20370370370370386 0.8208333333333333 0.20370370370370386 0.8208333333333333 0.25370370370370393 0.8416666666666667 0.25370370370370393
1 0.9453125 0.2129629629629632 0.9302083333333333 0.2129629629629632 0.9302083333333333 0.25370370370370393 0.9453125 0.25370370370370393
1 0.9911458333333333 0.23518518518518539 0.9598958333333333 0.23518518518518539 0.9598958333333333 0.3222222222222224 0.9911458333333333 0.3222222222222224
1 0.5947916666666667 0.23981481481481493 0.5692708333333333 0.23981481481481493 0.5692708333333333 0.32870370370370383 0.5947916666666667 0.32870370370370383
1 0.6041666666666666 0.23055555555555565 0.5942708333333333 0.23055555555555565 0.5942708333333333 0.28518518518518526 0.6041666666666666 0.28518518518518526