1 0.10390625 0.41875 0.04921875 0.22109375
1 0.15 0.41015625 0.0328125 0.171875
1 0.2109375 0.35234375 0.028125 0.12265625
1 0.1890625 0.31796875 0.01875 0.07578125
1 0.14921875 0.70390625 0.0953125 0.29921875
1 0.2671875 0.2734375 0.028125 0.05
1 0.31171875 0.26484375 0.02421875 0.08046875
1 0.33515625 0.2609375 0.03203125 0.0953125
1 0.546875 0.2859375 0.03046875 0.06328125
1 0.83984375 0.2796875 0.01953125 0.10703125
1 0.890625 0.30859375 0.02578125 0.1125
1 0.9203125 0.3484375 0.02890625 0.05703125
1 0.98828125 0.4140625 0.0234375 0.05
1 0.7578125 0.22109375 0.0171875 0.0453125
1 0.8671875 0.228125 0.0265625 0.0359375
1 0.9046875 0.23046875 0.02578125 0.0328125
1 0.4078125 0.228125 0.01796875 0.0328125
0 0.1609375 0.6578125 0.0390625 0.146875
0 0.92890625 0.37890625 0.0234375 0.040625
1 0.9828125 0.6140625 0.03359375 0.24453125