1 0.0421875 0.4421875 0.04609375 0.196875
0 0.128125 0.46171875 0.03046875 0.05546875
1 0.11015625 0.428125 0.046875 0.19453125
1 0.2125 0.3515625 0.0296875 0.12421875
1 0.21640625 0.29765625 0.0296875 0.12734375
1 0.15625 0.26875 0.021875 0.05546875
1 0.42890625 0.32109375 0.0375 0.128125
1 0.709375 0.6796875 0.1015625 0.31484375
1 0.78203125 0.4375 0.04609375 0.19609375
0 0.78671875 0.4375 0.028125 0.0625
1 0.50859375 0.221875 0.01875 0.040625
1 0.928125 0.28359375 0.0265625 0.09140625
1 0.9453125 0.2984375 0.02265625 0.05390625
1 0.975 0.28203125 0.0265625 0.08046875
1 0.99140625 0.26328125 0.0171875 0.06875