1 0.02734375 0.459375 0.05390625 0.17578125
1 0.1671875 0.37109375 0.05078125 0.17109375
1 0.21640625 0.27421875 0.03046875 0.09140625
1 0.328125 0.26015625 0.02109375 0.07734375
1 0.30703125 0.26796875 0.015625 0.07109375
1 0.29453125 0.25078125 0.0078125 0.0125
0 0.33046875 0.2453125 0.0125 0.0234375
1 0.42734375 0.3375 0.03515625 0.12578125
1 0.45703125 0.32890625 0.0359375 0.140625
1 0.42109375 0.22578125 0.02265625 0.03515625
1 0.51796875 0.21875 0.01953125 0.0484375
1 0.6828125 0.6765625 0.11015625 0.31875
1 0.7609375 0.60078125 0.059375 0.28125
1 0.659375 0.2265625 0.01484375 0.0328125
1 0.71328125 0.21953125 0.01484375 0.04296875
1 0.74921875 0.23046875 0.0234375 0.028125
1 0.778125 0.265625 0.0171875 0.05390625
1 0.796875 0.2203125 0.0171875 0.04296875
1 0.83984375 0.29453125 0.03125 0.07890625
1 0.921875 0.28515625 0.0296875 0.09375
1 0.8828125 0.234375 0.025 0.02421875