1 0.06250000000000003 0.34444444444444444 0.009375000000000026 0.34444444444444444 0.009375000000000033 0.5444444444444444 0.06250000000000004 0.5444444444444444
1 0.6921875 0.5305555555555557 0.6265625 0.5305555555555557 0.6265625 0.8222222222222222 0.6921875 0.8222222222222222
1 0.5203125 0.31666666666666676 0.475 0.31666666666666676 0.475 0.5083333333333335 0.5203125 0.5083333333333335
1 0.9765625 0.2638888888888891 0.95 0.2638888888888891 0.95 0.32500000000000023 0.9765625 0.32500000000000023
1 0.7078125 0.25000000000000017 0.68125 0.25000000000000017 0.68125 0.36388888888888904 0.7078125 0.36388888888888904
1 0.665625 0.22777777777777794 0.640625 0.22777777777777794 0.640625 0.3472222222222224 0.665625 0.3472222222222224
1 1 0.3694444444444446 0.978125 0.3694444444444446 0.978125 0.43888888888888905 1 0.43888888888888905
1 0.4421875 0.2361111111111112 0.4234375 0.2361111111111112 0.4234375 0.29166666666666674 0.4421875 0.29166666666666674
1 0.53125 0.23888888888888896 0.4984375 0.23888888888888896 0.4984375 0.3333333333333334 0.53125 0.3333333333333334
0 0.759375 0.6361111111111113 0.728125 0.6361111111111113 0.728125 0.6861111111111112 0.759375 0.6861111111111112
1 0.853125 0.2333333333333335 0.81875 0.2333333333333335 0.81875 0.3305555555555557 0.853125 0.3305555555555557
1 0.74375 0.23888888888888904 0.7171875 0.23888888888888904 0.7171875 0.3083333333333335 0.74375 0.3083333333333335
1 0.6671875 0.3111111111111113 0.640625 0.3111111111111113 0.640625 0.40277777777777796 0.6671875 0.40277777777777796
0 0.4921875 0.38888888888888906 0.4734375 0.38888888888888906 0.4734375 0.4361111111111113 0.4921875 0.4361111111111113
1 0.7078125 0.2166666666666668 0.690625 0.2166666666666668 0.690625 0.24722222222222237 0.7078125 0.24722222222222237
1 0.7203125 0.19444444444444461 0.703125 0.19444444444444461 0.703125 0.2444444444444446 0.7203125 0.2444444444444446
1 0.5296875 0.20000000000000007 0.509375 0.20000000000000007 0.509375 0.24444444444444452 0.5296875 0.24444444444444452
1 0.4375 0.21388888888888896 0.4171875 0.21388888888888896 0.4171875 0.2472222222222223 0.4375 0.2472222222222223