1 0.25104166666666666 0.2611111111111112 0.22708333333333333 0.2611111111111111 0.22708333333333333 0.3907407407407408 0.25104166666666666 0.39074074074074083
1 0.26875 0.2861111111111112 0.2520833333333333 0.2861111111111112 0.2520833333333333 0.32314814814814824 0.26875 0.32314814814814824
1 0.428125 0.20555555555555566 0.40677083333333336 0.20555555555555566 0.40677083333333336 0.23796296296296307 0.428125 0.23796296296296307
1 0.7088541666666667 0.20925925925925942 0.690625 0.20925925925925942 0.690625 0.24907407407407417 0.7088541666666667 0.24907407407407417
1 0.8447916666666667 0.20740740740740757 0.8286458333333333 0.20740740740740757 0.8286458333333333 0.25092592592592616 0.8447916666666667 0.25092592592592616
1 0.9307291666666667 0.23981481481481504 0.9135416666666667 0.23981481481481504 0.9135416666666667 0.3314814814814817 0.9307291666666667 0.3314814814814817
1 0.9833333333333333 0.22592592592592614 0.9604166666666667 0.22592592592592614 0.9604166666666667 0.3240740740740743 0.9833333333333333 0.3240740740740743
0 0.23177083333333334 0.30277777777777776 0.22083333333333333 0.30277777777777776 0.22083333333333333 0.33240740740740743 0.23177083333333334 0.33240740740740743
1 0.1515625 0.2388888888888889 0.12812500000000002 0.2388888888888889 0.12812500000000002 0.3175925925925926 0.1515625 0.3175925925925926
1 0.5848958333333333 0.24444444444444455 0.5677083333333334 0.24444444444444455 0.5677083333333334 0.325925925925926 0.5848958333333333 0.325925925925926
1 0.8447916666666667 0.2685185185185187 0.8229166666666666 0.2685185185185187 0.8229166666666666 0.3314814814814817 0.8447916666666667 0.3314814814814817