1 0.05078125 0.63203125 0.090625 0.28046875
0 0.0734375 0.51015625 0.03359375 0.05390625
0 0.07578125 0.56328125 0.0421875 0.0421875
0 0.97109375 0.57734375 0.053125 0.04921875
1 0.0515625 0.453125 0.05625 0.1890625
1 0.1390625 0.38125 0.040625 0.15859375
1 0.228125 0.3015625 0.0359375 0.1296875
1 0.15546875 0.2703125 0.01875 0.04609375
1 0.2921875 0.30390625 0.02421875 0.084375
1 0.27890625 0.25078125 0.03125 0.05390625
1 0.6921875 0.3171875 0.02578125 0.13984375
1 0.759375 0.22734375 0.02421875 0.03671875
1 0.88984375 0.34765625 0.03046875 0.053125
1 0.91640625 0.3578125 0.03125 0.0703125
1 0.98828125 0.26796875 0.0234375 0.06953125
1 0.90703125 0.23046875 0.01640625 0.0328125