1 0.08750000000000005 0.34375 0.014062500000000044 0.34375 0.014062500000000056 0.5421875 0.08750000000000006 0.5421875
1 0.15937500000000004 0.3359375 0.12812500000000004 0.3359375 0.12812500000000004 0.5078125 0.15937500000000004 0.5078125
1 0.284375 0.215625 0.25625 0.215625 0.25625 0.3234375 0.284375 0.3234375
1 0.375 0.24843750000000003 0.353125 0.2484375 0.353125 0.30937500000000007 0.375 0.30937500000000007
1 0.45 0.2015625000000001 0.4328125 0.2015625000000001 0.4328125 0.2453125000000001 0.45 0.2453125000000001
1 0.6421875 0.2562500000000001 0.6171875 0.2562500000000001 0.6171875 0.3671875000000001 0.6421875 0.3671875000000001
1 0.690625 0.3437500000000001 0.6578125 0.3437500000000001 0.6578125 0.503125 0.690625 0.503125
1 0.8875 0.23593750000000008 0.8609375 0.23593750000000008 0.8609375 0.3593750000000001 0.8875 0.3593750000000001
1 0.9265625 0.23437500000000008 0.903125 0.23437500000000008 0.903125 0.3453125000000001 0.9265625 0.3453125000000001
1 0.965625 0.3375000000000001 0.9328125 0.3375000000000001 0.9328125 0.4125000000000002 0.965625 0.4125000000000002
1 0.990625 0.2171875000000001 0.9625 0.2171875000000001 0.9625 0.2484375000000001 0.990625 0.2484375000000001