1 0.4625 0.31718750000000007 0.428125 0.31718750000000007 0.428125 0.496875 0.4625 0.496875
1 0.7828125 0.3609375000000001 0.7140625 0.3609375000000001 0.7140625 0.5156250000000001 0.7828125 0.5156250000000002
1 0.9890625 0.3546875000000001 0.953125 0.3546875000000001 0.953125 0.4359375000000002 0.9890625 0.4359375000000002
1 0.94375 0.3515625000000001 0.915625 0.3515625000000001 0.915625 0.4046875000000002 0.94375 0.4046875000000002
1 0.99375 0.2375000000000001 0.9640625 0.2375000000000001 0.9640625 0.3187500000000001 0.99375 0.3187500000000001
1 0.9046875 0.2468750000000001 0.8765625 0.2468750000000001 0.8765625 0.3656250000000001 0.9046875 0.3656250000000001
1 0.9328125 0.2328125000000001 0.9078125 0.2328125000000001 0.9078125 0.3343750000000001 0.9328125 0.3343750000000001
1 0.9515625 0.21875000000000008 0.93125 0.21875000000000008 0.93125 0.2500000000000001 0.9515625 0.2500000000000001
1 0.984375 0.2250000000000001 0.9609375 0.2250000000000001 0.9609375 0.2500000000000001 0.984375 0.2500000000000001
1 0.8390625 0.2093750000000001 0.825 0.2093750000000001 0.825 0.2484375000000001 0.8390625 0.2484375000000001
1 0.809375 0.18906250000000008 0.7890625 0.18906250000000008 0.7890625 0.2453125000000001 0.809375 0.2453125000000001
1 0.6609375 0.2375000000000001 0.6359375 0.2375000000000001 0.6359375 0.37187500000000007 0.6609375 0.37187500000000007
1 0.5171875 0.2750000000000001 0.4890625 0.2750000000000001 0.4890625 0.3281250000000001 0.5171875 0.3281250000000001