1 0.0265625 0.459375 0.053125 0.175
1 0.16171875 0.36796875 0.046875 0.17265625
1 0.2390625 0.38984375 0.03828125 0.12734375
1 0.18203125 0.35859375 0.02109375 0.14921875
1 0.21484375 0.3578125 0.02578125 0.109375
1 0.33203125 0.25546875 0.01875 0.078125
1 0.30546875 0.2703125 0.01171875 0.0734375
0 0.3359375 0.246875 0.00703125 0.028125
1 0.66484375 0.42265625 0.04609375 0.1265625
1 0.68671875 0.3765625 0.02109375 0.11484375
1 0.521875 0.21953125 0.01484375 0.0484375
1 0.6578125 0.22578125 0.01015625 0.034375
1 0.79375 0.26875 0.02109375 0.05234375
1 0.71171875 0.2203125 0.0140625 0.03984375
1 0.7953125 0.21796875 0.01484375 0.0453125
1 0.834375 0.22734375 0.01328125 0.034375
1 0.890625 0.23125 0.02109375 0.03125
1 0.925 0.284375 0.0265625 0.09375
1 0.95390625 0.2359375 0.025 0.0328125
1 0.56328125 0.21484375 0.009375 0.05078125
1 0.03828125 0.33203125 0.015625 0.0359375