1 0.06250000000000003 0.34444444444444444 0.010937500000000025 0.34444444444444444 0.010937500000000032 0.5444444444444444 0.06250000000000004 0.5444444444444444
1 0.76875 0.24166666666666684 0.7375 0.24166666666666684 0.7375 0.2944444444444446 0.76875 0.2944444444444446
1 0.334375 0.2250000000000001 0.31875 0.2250000000000001 0.31875 0.2944444444444445 0.334375 0.2944444444444445
1 1 0.2666666666666669 0.9765625 0.2666666666666669 0.9765625 0.327777777777778 1 0.327777777777778
1 0.6828125 0.5333333333333334 0.6265625 0.5333333333333334 0.6265625 0.8305555555555556 0.6828125 0.8305555555555556
1 0.84375 0.23888888888888904 0.821875 0.23888888888888904 0.821875 0.32777777777777795 0.84375 0.32777777777777795
1 0.5109375 0.313888888888889 0.4796875 0.313888888888889 0.4796875 0.5083333333333335 0.5109375 0.5083333333333335
0 0.4859375 0.3361111111111112 0.4640625 0.3361111111111112 0.4640625 0.36388888888888904 0.4859375 0.36388888888888904
1 0.41875 0.21666666666666676 0.4 0.21666666666666676 0.4 0.25000000000000006 0.41875 0.25000000000000006
1 0.446875 0.24166666666666675 0.428125 0.24166666666666675 0.428125 0.2944444444444445 0.446875 0.2944444444444445
1 0.4765625 0.24444444444444452 0.4484375 0.24444444444444452 0.4484375 0.38333333333333347 0.4765625 0.38333333333333347
1 0.5296875 0.20277777777777786 0.5109375 0.20277777777777786 0.5109375 0.2472222222222223 0.5296875 0.2472222222222223
1 0.5484375 0.18611111111111123 0.5328125 0.1861111111111112 0.5328125 0.23333333333333345 0.5484375 0.2333333333333335
1 0.665625 0.3194444444444446 0.6359375 0.3194444444444446 0.6359375 0.39166666666666683 0.665625 0.39166666666666683
1 0.66875 0.24722222222222237 0.65 0.24722222222222237 0.65 0.3305555555555557 0.66875 0.3305555555555557
1 0.6640625 0.2333333333333335 0.6390625 0.2333333333333335 0.6390625 0.28611111111111126 0.6640625 0.28611111111111126
1 0.871875 0.21111111111111128 0.8546875 0.21111111111111128 0.8546875 0.25000000000000017 0.871875 0.25000000000000017
0 0.7625 0.6305555555555558 0.728125 0.6305555555555558 0.728125 0.6861111111111112 0.7625 0.6861111111111112