1 0.11562500000000006 0.384375 0.04531250000000005 0.384375 0.04531250000000006 0.6234375 0.11562500000000009 0.6234375
1 0.06562500000000006 0.35 0.034375000000000044 0.35 0.03437500000000006 0.5140625 0.06562500000000007 0.5140625
1 0.2765625 0.2125 0.2546875 0.2125 0.2546875 0.3234375 0.2765625 0.3234375
1 0.38125 0.24687500000000004 0.353125 0.246875 0.353125 0.31875000000000003 0.38125 0.3187500000000001
1 0.54375 0.3234375000000001 0.5015625 0.3234375000000001 0.5015625 0.428125 0.54375 0.428125
1 0.5671875 0.33281250000000007 0.5296875 0.33281250000000007 0.5296875 0.415625 0.5671875 0.415625
1 0.6328125 0.2687500000000001 0.6 0.2687500000000001 0.6 0.36406250000000007 0.6328125 0.36406250000000007
1 0.8375 0.2093750000000001 0.8140625 0.2093750000000001 0.8140625 0.2500000000000001 0.8375 0.2500000000000001
1 0.878125 0.2312500000000001 0.8515625 0.2312500000000001 0.8515625 0.3515625000000001 0.878125 0.3515625000000001
1 0.915625 0.2812500000000001 0.88125 0.2812500000000001 0.88125 0.3750000000000001 0.915625 0.3750000000000001
1 0.921875 0.24218750000000008 0.9015625 0.24218750000000008 0.9015625 0.3421875000000001 0.921875 0.3421875000000001
1 0.9734375 0.21093750000000008 0.9515625 0.21093750000000008 0.9515625 0.2468750000000001 0.9734375 0.2468750000000001