1 0.14453125 0.71875 0.08671875 0.28984375
0 0.15703125 0.6984375 0.0375 0.08203125
1 0.03515625 0.46796875 0.0546875 0.2484375
1 0.146875 0.384375 0.02734375 0.14921875
1 0.2078125 0.3515625 0.03359375 0.1203125
1 0.275 0.25859375 0.021875 0.040625
1 0.296875 0.275 0.01640625 0.0875
1 0.32890625 0.259375 0.0296875 0.07421875
1 0.659375 0.23203125 0.01640625 0.028125
1 0.72109375 0.32578125 0.0234375 0.13203125
1 0.6828125 0.31171875 0.01328125 0.11484375
1 0.75859375 0.22265625 0.02109375 0.04921875
1 0.83828125 0.27734375 0.021875 0.09140625
1 0.81328125 0.23515625 0.01875 0.025
1 0.89296875 0.3515625 0.03046875 0.04765625
1 0.94609375 0.271875 0.03203125 0.09140625
1 0.93359375 0.23359375 0.02109375 0.03828125