1 0.078125 0.54375 0.0640625 0.22734375
1 0.121875 0.484375 0.06640625 0.21328125
0 0.096875 0.52734375 0.01796875 0.03359375
1 0.0265625 0.45859375 0.053125 0.1765625
1 0.1515625 0.36015625 0.0390625 0.14453125
1 0.19375 0.34765625 0.02421875 0.140625
1 0.32109375 0.2578125 0.02109375 0.08046875
1 0.296875 0.2515625 0.0140625 0.01875
1 0.6515625 0.3640625 0.028125 0.15234375
1 0.68203125 0.34921875 0.0140625 0.12890625
1 0.52421875 0.22109375 0.0140625 0.04765625
1 0.625 0.23203125 0.02265625 0.0296875
1 0.6578125 0.22578125 0.0140625 0.0375
1 0.79453125 0.26953125 0.01953125 0.05
1 0.78984375 0.2078125 0.01015625 0.01953125
1 0.79609375 0.21171875 0.00625 0.0125
1 0.89453125 0.2328125 0.02265625 0.03046875
1 0.95703125 0.2765625 0.0234375 0.08125
1 0.9546875 0.2328125 0.01328125 0.0265625