1 0.01484375 0.36484375 0.025 0.09609375
1 0.19296875 0.3421875 0.02890625 0.1390625
1 0.209375 0.3296875 0.03203125 0.14921875
1 0.26640625 0.27421875 0.02421875 0.09375
1 0.43359375 0.35546875 0.02734375 0.14765625
1 0.4546875 0.365625 0.0171875 0.109375
0 0.43984375 0.3234375 0.01796875 0.04765625
1 0.5203125 0.22109375 0.01640625 0.04609375
1 0.78125 0.2703125 0.0203125 0.0484375
1 0.96796875 0.27890625 0.0359375 0.09140625
1 0.95546875 0.2328125 0.01796875 0.02578125
1 0.83515625 0.2296875 0.01796875 0.03671875
1 0.75 0.22109375 0.02265625 0.046875
1 0.53984375 0.2140625 0.01171875 0.04453125
1 0.56171875 0.20859375 0.01015625 0.03203125
1 0.93671875 0.2328125 0.0234375 0.0296875