1 0.4421875 0.25000000000000006 0.4171875 0.25000000000000006 0.4171875 0.38888888888888906 0.4421875 0.38888888888888906
1 0.8796875 0.28611111111111126 0.85 0.28611111111111126 0.85 0.35555555555555574 0.8796875 0.35555555555555574
1 0.15781250000000005 0.33611111111111114 0.12031250000000004 0.33611111111111114 0.12031250000000004 0.5 0.15781250000000005 0.5
1 0.1765625 0.28888888888888886 0.146875 0.28888888888888886 0.14687500000000003 0.45555555555555555 0.17656250000000004 0.45555555555555555
1 0.328125 0.24444444444444452 0.3 0.24444444444444452 0.3 0.31111111111111117 0.328125 0.31111111111111117
1 0.221875 0.2250000000000001 0.2 0.2250000000000001 0.2 0.35277777777777786 0.221875 0.35277777777777786
1 0.4875 0.2583333333333334 0.465625 0.2583333333333334 0.465625 0.31944444444444453 0.4875 0.31944444444444453
1 0.4265625 0.23888888888888896 0.409375 0.23888888888888896 0.409375 0.29166666666666674 0.4265625 0.29166666666666674
1 0.55 0.24166666666666678 0.5328125 0.24166666666666675 0.5328125 0.29722222222222233 0.55 0.2972222222222224
1 0.4671875 0.48611111111111127 0.3734375 0.48611111111111127 0.37343750000000003 0.688888888888889 0.4671875 0.688888888888889
1 0.44375 0.21666666666666676 0.425 0.21666666666666676 0.425 0.24444444444444452 0.44375 0.24444444444444452
1 0.5296875 0.20277777777777786 0.5109375 0.20277777777777786 0.5109375 0.24166666666666675 0.5296875 0.24166666666666675
1 0.6390625 0.21111111111111128 0.6203125 0.21111111111111128 0.6203125 0.24722222222222237 0.6390625 0.24722222222222237
1 0.71875 0.20277777777777795 0.703125 0.20277777777777795 0.703125 0.2444444444444446 0.71875 0.2444444444444446
1 0.70625 0.2694444444444446 0.6765625 0.2694444444444446 0.6765625 0.3333333333333335 0.70625 0.3333333333333335
1 0.8203125 0.21111111111111128 0.796875 0.21111111111111128 0.796875 0.25000000000000017 0.8203125 0.25000000000000017
1 0.8484375 0.2333333333333335 0.828125 0.2333333333333335 0.828125 0.30000000000000016 0.8484375 0.30000000000000016