1 0.55 0.5166666666666668 0.4890625 0.5166666666666668 0.4890625 0.8166666666666667 0.55 0.8166666666666667
1 0.965625 0.5833333333333335 0.884375 0.5833333333333335 0.884375 0.9055555555555559 0.965625 0.9055555555555559
1 0.70625 0.24166666666666684 0.675 0.24166666666666684 0.675 0.3722222222222224 0.70625 0.3722222222222224
1 0.290625 0.21388888888888896 0.25625 0.21388888888888896 0.25625 0.31666666666666676 0.290625 0.31666666666666676
1 0.4375 0.32500000000000007 0.4109375 0.32500000000000007 0.4109375 0.48611111111111127 0.4375 0.48611111111111127
1 0.46875 0.32777777777777783 0.43125 0.32777777777777783 0.43125 0.5000000000000001 0.46875 0.5000000000000001
1 0.07343750000000003 0.33611111111111114 0.02812500000000002 0.33611111111111114 0.02812500000000003 0.5472222222222223 0.07343750000000004 0.5472222222222223
1 0.428125 0.23888888888888896 0.409375 0.23888888888888896 0.409375 0.29166666666666674 0.428125 0.29166666666666674
1 0.9421875 0.28888888888888914 0.9078125 0.28888888888888914 0.9078125 0.39166666666666683 0.9421875 0.39166666666666683
1 0.65 0.2694444444444446 0.621875 0.2694444444444446 0.621875 0.39722222222222237 0.65 0.39722222222222237
1 0.9171875 0.2611111111111113 0.890625 0.2611111111111113 0.890625 0.3666666666666668 0.9171875 0.3666666666666668
1 0.8890625 0.29166666666666685 0.8609375 0.29166666666666685 0.8609375 0.36111111111111127 0.8890625 0.36111111111111127
1 0.4859375 0.2611111111111112 0.4671875 0.2611111111111112 0.4671875 0.3222222222222223 0.4859375 0.3222222222222223
1 0.9453125 0.23611111111111135 0.915625 0.23611111111111135 0.915625 0.31666666666666693 0.9453125 0.31666666666666693
0 0.65 0.627777777777778 0.615625 0.627777777777778 0.615625 0.6805555555555557 0.65 0.6805555555555557
0 0.9625 0.8111111111111114 0.9375 0.8111111111111114 0.9375 0.8527777777777781 0.9625 0.8527777777777781
1 0.8453125 0.26666666666666683 0.821875 0.26666666666666683 0.821875 0.32777777777777795 0.8453125 0.32777777777777795
1 0.846875 0.23611111111111127 0.825 0.23611111111111127 0.825 0.2833333333333335 0.846875 0.2833333333333335
1 0.7203125 0.20000000000000015 0.703125 0.20000000000000015 0.703125 0.2444444444444446 0.7203125 0.2444444444444446
1 0.446875 0.21388888888888896 0.4265625 0.21388888888888896 0.4265625 0.25000000000000006 0.446875 0.25000000000000006
1 0.6625 0.19722222222222238 0.646875 0.19722222222222238 0.646875 0.2444444444444446 0.6625 0.2444444444444446