1 0.04375 0.48203125 0.0734375 0.19765625
1 0.1859375 0.34453125 0.03828125 0.16015625
1 0.225 0.278125 0.02265625 0.09453125
1 0.30234375 0.28359375 0.03046875 0.090625
1 0.31953125 0.2796875 0.0125 0.025
0 0.3078125 0.27578125 0.0109375 0.025
1 0.55625 0.2265625 0.01796875 0.03359375
1 0.52265625 0.221875 0.015625 0.04453125
1 0.7109375 0.22265625 0.015625 0.04140625
1 0.8375 0.303125 0.03125 0.0578125
1 0.7796875 0.27421875 0.015625 0.03984375
1 0.79375 0.26953125 0.0203125 0.04921875
1 0.9765625 0.2796875 0.03359375 0.08671875
1 0.95546875 0.2359375 0.0203125 0.03046875
1 0.97109375 0.2328125 0.01796875 0.03359375
1 0.7546875 0.22109375 0.02109375 0.0453125
1 0.79921875 0.2203125 0.0140625 0.0453125
1 0.17578125 0.26328125 0.01875 0.059375