1 0.14765625 0.65390625 0.06484375 0.2953125
0 0.134375 0.61484375 0.03359375 0.121875
0 0.44765625 0.575 0.03046875 0.0671875
1 0.47578125 0.53125 0.0671875 0.24765625
0 0.1515625 0.39921875 0.0265625 0.04765625
1 0.15625 0.36953125 0.03671875 0.165625
1 0.19453125 0.35234375 0.04140625 0.14453125
1 0.22734375 0.32890625 0.02890625 0.15703125
1 0.29375 0.3046875 0.03828125 0.0625
1 0.28359375 0.28828125 0.0203125 0.04765625
1 0.209375 0.25234375 0.015625 0.04921875
1 0.42734375 0.2265625 0.02890625 0.0359375
1 0.75078125 0.41484375 0.0390625 0.14921875
1 0.73359375 0.39296875 0.03203125 0.13515625
1 0.68671875 0.30859375 0.0234375 0.11875
1 0.7734375 0.271875 0.02421875 0.04921875
1 0.7046875 0.23046875 0.02265625 0.0328125
1 0.8359375 0.28046875 0.0234375 0.08984375
1 0.828125 0.22734375 0.021875 0.03203125
1 0.8640625 0.22734375 0.01953125 0.0453125
1 0.8765625 0.29453125 0.025 0.1046875
1 0.9765625 0.40078125 0.03984375 0.07421875
1 0.96796875 0.27421875 0.03359375 0.096875
1 0.94609375 0.23515625 0.0234375 0.0359375