1 0.0390625 0.509375 0.05703125 0.2140625
1 0.096875 0.42265625 0.05078125 0.196875
1 0.17265625 0.3546875 0.0359375 0.153125
1 0.1953125 0.346875 0.02578125 0.12265625
1 0.21953125 0.32578125 0.0234375 0.128125
1 0.24140625 0.3125 0.0296875 0.14453125
1 0.2859375 0.3078125 0.03515625 0.0671875
1 0.31171875 0.2734375 0.02578125 0.078125
1 0.3359375 0.28359375 0.02421875 0.05390625
1 0.09375 0.2703125 0.02265625 0.059375
1 0.14921875 0.6578125 0.0703125 0.2953125
0 0.134375 0.61953125 0.0328125 0.13359375
1 0.4703125 0.46875 0.03984375 0.215625
0 0.4765625 0.49140625 0.02109375 0.03828125
1 0.76640625 0.43203125 0.040625 0.15703125
1 0.7515625 0.4109375 0.0421875 0.14921875
1 0.68359375 0.3015625 0.01953125 0.1140625
1 0.95859375 0.271875 0.03046875 0.08828125
1 0.875 0.29453125 0.01953125 0.11484375
1 0.83359375 0.27890625 0.02109375 0.084375
1 0.81171875 0.27265625 0.025 0.0453125
1 0.81328125 0.23359375 0.02109375 0.025
1 0.83515625 0.22578125 0.0234375 0.03046875
1 0.42578125 0.225 0.02578125 0.034375