1 0.01484375 0.36484375 0.02265625 0.09296875
1 0.1921875 0.34296875 0.028125 0.13828125
1 0.21171875 0.328125 0.0296875 0.14765625
1 0.2359375 0.30546875 0.02890625 0.109375
1 0.2703125 0.2734375 0.03046875 0.090625
1 0.4265625 0.36328125 0.0328125 0.15625
0 0.4328125 0.33515625 0.01484375 0.03828125
1 0.459375 0.37421875 0.0234375 0.1109375
1 0.5203125 0.22109375 0.015625 0.046875
1 0.56328125 0.21796875 0.0109375 0.05234375
1 0.6546875 0.2234375 0.01484375 0.04140625
1 0.7109375 0.225 0.015625 0.04140625
1 0.765625 0.26953125 0.02265625 0.0515625
1 0.75234375 0.2171875 0.01875 0.0359375
1 0.7515625 0.23046875 0.01640625 0.03203125
1 0.78984375 0.2078125 0.015625 0.0296875
1 0.83515625 0.2296875 0.01953125 0.03828125
1 0.9703125 0.275 0.0328125 0.07890625
1 0.9546875 0.234375 0.01953125 0.028125