1 0.09921875 0.44296875 0.06484375 0.22109375
1 0.125 0.41171875 0.03984375 0.17421875
1 0.25 0.3484375 0.028125 0.12265625
1 0.27890625 0.32578125 0.028125 0.096875
0 0.2875 0.3359375 0.00859375 0.03203125
1 0.26328125 0.26953125 0.0140625 0.09375
0 0.26640625 0.25078125 0.009375 0.03046875
1 0.2515625 0.24609375 0.00703125 0.02265625
1 0.2421875 0.2515625 0.00625 0.0140625
1 0.43984375 0.29609375 0.028125 0.1078125
1 0.5203125 0.221875 0.0203125 0.03984375
1 0.5625 0.23125 0.015625 0.03046875
1 0.653125 0.22578125 0.0140625 0.0375
1 0.6921875 0.2359375 0.01796875 0.0171875
1 0.7109375 0.22265625 0.0125 0.04609375
1 0.74296875 0.22734375 0.01328125 0.0296875
1 0.76484375 0.278125 0.01953125 0.034375
1 0.86484375 0.315625 0.0359375 0.07265625
0 0.87421875 0.3359375 0.00703125 0.02890625
1 0.85390625 0.28515625 0.02421875 0.0390625
1 0.81796875 0.2625 0.01875 0.075
1 0.90859375 0.2921875 0.02890625 0.11328125
1 0.87890625 0.22890625 0.0203125 0.03359375
1 0.790625 0.20390625 0.0140625 0.02578125
1 0.95859375 0.23046875 0.0296875 0.034375