1 0.07109375 0.3375 0.0125 0.0484375
1 0.215625 0.3546875 0.0359375 0.121875
1 0.19296875 0.3421875 0.028125 0.1375
1 0.2046875 0.28359375 0.028125 0.05390625
1 0.23046875 0.2796875 0.02734375 0.0953125
1 0.26953125 0.271875 0.028125 0.08984375
1 0.39140625 0.2875 0.01640625 0.0546875
1 0.42890625 0.2296875 0.01484375 0.02890625
1 0.5203125 0.21953125 0.01484375 0.0484375
1 0.559375 0.2171875 0.01484375 0.0484375
1 0.75078125 0.22578125 0.01640625 0.0375
1 0.78984375 0.20625 0.01484375 0.02109375
1 0.82265625 0.22734375 0.01328125 0.0328125
1 0.92734375 0.28203125 0.02890625 0.08984375
1 0.90859375 0.228125 0.0140625 0.03046875
1 0.95390625 0.23515625 0.02265625 0.03125