0 0.0984375 0.640625 0.028125 0.14140625
1 0.10546875 0.67421875 0.0828125 0.29921875
1 0.1796875 0.365625 0.03125 0.146875
1 0.21015625 0.353125 0.0265625 0.12734375
1 0.2015625 0.3296875 0.03125 0.13984375
1 0.24296875 0.30859375 0.021875 0.1125
1 0.2796875 0.32734375 0.02890625 0.12578125
1 0.1328125 0.303125 0.04609375 0.0609375
1 0.39375 0.421875 0.05078125 0.18515625
1 0.5671875 0.27421875 0.03515625 0.059375
1 0.421875 0.22421875 0.021875 0.03828125
1 0.68515625 0.30703125 0.02109375 0.1140625
1 0.83203125 0.278125 0.02265625 0.09375
1 0.828125 0.23046875 0.015625 0.0328125
1 0.8578125 0.2953125 0.0234375 0.09375
1 0.87734375 0.2953125 0.01875 0.103125
1 0.87109375 0.22890625 0.028125 0.03671875
1 0.90546875 0.23125 0.021875 0.034375
1 0.934375 0.609375 0.06640625 0.23125
1 0.98515625 0.40859375 0.0296875 0.0546875