1 0.09375 0.6796875 0.090625 0.29375
0 0.07578125 0.64765625 0.03203125 0.1390625
1 0.1890625 0.35859375 0.0296875 0.13984375
1 0.209375 0.35 0.028125 0.12265625
1 0.21875 0.334375 0.02421875 0.1546875
1 0.2421875 0.30546875 0.021875 0.11640625
1 0.28046875 0.29375 0.03125 0.05546875
1 0.35 0.42421875 0.059375 0.17734375
1 0.88515625 0.5921875 0.04765625 0.2390625
1 0.87578125 0.296875 0.0234375 0.10703125
1 0.828125 0.27578125 0.021875 0.09140625
1 0.828125 0.22890625 0.0171875 0.03203125
1 0.87109375 0.2265625 0.0171875 0.0359375
1 0.90546875 0.23203125 0.01796875 0.0359375
1 0.6140625 0.2703125 0.040625 0.0625
1 0.68515625 0.30859375 0.0171875 0.11875
1 0.4953125 0.2265625 0.01796875 0.034375
1 0.4234375 0.225 0.015625 0.0421875
1 0.98671875 0.40703125 0.02578125 0.04921875