1 0.17031250000000003 0.2861111111111111 0.1375 0.2861111111111111 0.1375 0.45555555555555555 0.17031250000000003 0.45555555555555555
1 0.265625 0.2222222222222223 0.240625 0.2222222222222223 0.240625 0.3444444444444445 0.265625 0.3444444444444445
1 0.434375 0.23888888888888896 0.4125 0.23888888888888896 0.4125 0.29166666666666674 0.434375 0.29166666666666674
1 0.3375 0.21388888888888896 0.3046875 0.21388888888888896 0.3046875 0.2944444444444445 0.3375 0.2944444444444445
1 0.9296875 0.31944444444444464 0.8953125 0.3194444444444446 0.8953125 0.39166666666666683 0.9296875 0.39166666666666683
1 0.86875 0.30000000000000016 0.8359375 0.30000000000000016 0.8359375 0.3472222222222224 0.86875 0.3472222222222224
1 0.4875 0.2583333333333334 0.465625 0.2583333333333334 0.465625 0.31944444444444453 0.4875 0.31944444444444453
1 0.221875 0.2250000000000001 0.2015625 0.2250000000000001 0.2015625 0.35277777777777786 0.221875 0.35277777777777786
1 0.6328125 0.23888888888888904 0.6125 0.23888888888888904 0.6125 0.3027777777777779 0.6328125 0.3027777777777779
1 0.6296875 0.27777777777777796 0.60625 0.27777777777777796 0.60625 0.3527777777777779 0.6296875 0.3527777777777779
1 0.6671875 0.19722222222222238 0.65 0.19722222222222238 0.65 0.2444444444444446 0.6671875 0.2444444444444446
1 0.5328125 0.20000000000000007 0.509375 0.20000000000000007 0.509375 0.2472222222222223 0.5328125 0.2472222222222223
1 0.846875 0.23611111111111127 0.8234375 0.23611111111111127 0.8234375 0.3166666666666668 0.846875 0.3166666666666668
1 0.7203125 0.19722222222222238 0.7015625 0.19722222222222238 0.7015625 0.2444444444444446 0.7203125 0.2444444444444446
1 0.8453125 0.21111111111111128 0.828125 0.21111111111111128 0.828125 0.2444444444444446 0.8453125 0.2444444444444446
1 0.4390625 0.21944444444444453 0.4203125 0.21944444444444453 0.4203125 0.24444444444444452 0.4390625 0.24444444444444452