1 0.10937500000000004 0.6277777777777778 0.023437500000000045 0.6277777777777778 0.02343750000000005 0.8166666666666667 0.10937500000000004 0.8166666666666667
1 0.16406250000000003 0.3 0.121875 0.3 0.12187500000000002 0.46944444444444444 0.16406250000000006 0.46944444444444444
1 0.25 0.23888888888888896 0.2171875 0.23888888888888896 0.2171875 0.36944444444444446 0.25 0.36944444444444446
1 0.428125 0.23888888888888896 0.409375 0.23888888888888896 0.409375 0.288888888888889 0.428125 0.288888888888889
1 0.684375 0.3111111111111113 0.6515625 0.3111111111111113 0.6515625 0.4722222222222224 0.684375 0.4722222222222224
1 0.6328125 0.35000000000000014 0.60625 0.35000000000000014 0.60625 0.4222222222222224 0.6328125 0.4222222222222224
1 0.029687500000000026 0.32222222222222224 0.004687500000000022 0.32222222222222224 0.004687500000000026 0.41388888888888886 0.029687500000000033 0.41388888888888886
1 0.2796875 0.2222222222222223 0.253125 0.2222222222222223 0.253125 0.31944444444444453 0.2796875 0.31944444444444453
1 0.5828125 0.23888888888888904 0.565625 0.23888888888888904 0.565625 0.3194444444444446 0.5828125 0.3194444444444446
1 0.3859375 0.24444444444444452 0.3640625 0.24444444444444452 0.3640625 0.2972222222222223 0.3859375 0.2972222222222223
1 0.4875 0.2583333333333334 0.465625 0.2583333333333334 0.465625 0.3222222222222223 0.4875 0.3222222222222223
1 0.9078125 0.23333333333333353 0.884375 0.2333333333333335 0.884375 0.3222222222222224 0.9078125 0.32222222222222247
1 0.7171875 0.2055555555555557 0.7046875 0.2055555555555557 0.7046875 0.2444444444444446 0.7171875 0.2444444444444446
1 0.9859375 0.23333333333333356 0.95 0.23333333333333356 0.95 0.32222222222222247 0.9859375 0.32222222222222247
1 0.9484375 0.2805555555555558 0.90625 0.2805555555555557 0.90625 0.38333333333333347 0.9484375 0.38333333333333347
1 1 0.3722222222222224 0.9828125 0.3722222222222224 0.9828125 0.4416666666666668 1 0.4416666666666668
1 0.5296875 0.20000000000000007 0.5109375 0.20000000000000007 0.5109375 0.24444444444444452 0.5296875 0.24444444444444452
1 0.58125 0.2194444444444446 0.559375 0.2194444444444446 0.559375 0.2444444444444446 0.58125 0.2444444444444446
1 0.8546875 0.2555555555555557 0.8265625 0.2555555555555557 0.8265625 0.3333333333333335 0.8546875 0.3333333333333335
1 0.8453125 0.2333333333333335 0.8234375 0.2333333333333335 0.8234375 0.2972222222222224 0.8453125 0.2972222222222224
0 0.11406250000000004 0.7388888888888889 0.09062500000000004 0.7388888888888889 0.09062500000000004 0.7888888888888889 0.11406250000000004 0.7888888888888889