1 0.17395833333333333 0.23981481481481481 0.14791666666666667 0.23981481481481481 0.14791666666666667 0.30185185185185187 0.17395833333333333 0.30185185185185187
1 0.4265625 0.20555555555555566 0.40572916666666664 0.20555555555555566 0.40572916666666664 0.24444444444444455 0.4265625 0.24444444444444455
1 0.7510416666666667 0.23425925925925942 0.7328125 0.23425925925925942 0.7328125 0.30092592592592615 0.7510416666666667 0.30092592592592615
1 0.7869791666666667 0.252777777777778 0.7713541666666667 0.252777777777778 0.7713541666666667 0.2962962962962965 0.7869791666666667 0.2962962962962965
1 0.9802083333333333 0.23796296296296318 0.9515625 0.23796296296296318 0.9515625 0.3138888888888891 0.9802083333333333 0.3138888888888891
1 1 0.33055555555555577 0.98125 0.33055555555555577 0.98125 0.4351851851851854 1 0.4351851851851854
1 0.7942708333333334 0.18888888888888905 0.7828125 0.18888888888888905 0.7828125 0.2166666666666668 0.7942708333333334 0.2166666666666668
1 0.825 0.2009259259259261 0.8041666666666667 0.2009259259259261 0.8041666666666667 0.24444444444444466 0.825 0.24444444444444466
1 0.8390625 0.21481481481481499 0.825 0.21481481481481499 0.825 0.25370370370370393 0.8390625 0.25370370370370393
1 0.7119791666666667 0.19351851851851867 0.6958333333333333 0.19351851851851867 0.6958333333333333 0.24351851851851863 0.7119791666666667 0.24351851851851863
1 0.95625 0.21666666666666687 0.9359375 0.21666666666666687 0.9359375 0.24537037037037057 0.95625 0.24537037037037057