1 0.153125 0.39375 0.0453125 0.14921875
1 0.07109375 0.33515625 0.01328125 0.046875
1 0.19296875 0.34296875 0.028125 0.13671875
1 0.2125 0.32734375 0.02734375 0.1484375
1 0.25234375 0.3265625 0.0328125 0.1515625
1 0.26328125 0.3125 0.02734375 0.1390625
1 0.328125 0.26328125 0.028125 0.06171875
1 0.4359375 0.35859375 0.0296875 0.1546875
1 0.459375 0.37578125 0.01796875 0.1109375
0 0.440625 0.328125 0.01875 0.04375
1 0.52109375 0.2203125 0.01484375 0.04609375
1 0.6515625 0.29609375 0.02265625 0.1109375
1 0.68828125 0.22890625 0.01484375 0.03203125
1 0.7109375 0.21953125 0.01875 0.03828125
1 0.8109375 0.275 0.0203125 0.040625
1 0.83671875 0.29140625 0.028125 0.06953125
1 0.9109375 0.2921875 0.028125 0.1125
1 0.9078125 0.2296875 0.01484375 0.02578125