1 0.00546875 0.3875 0.0109375 0.0625
1 0.19296875 0.3421875 0.02734375 0.14140625
1 0.21640625 0.3265625 0.0375 0.15
1 0.24765625 0.2765625 0.02109375 0.08671875
1 0.41640625 0.33515625 0.0234375 0.1359375
1 0.428125 0.346875 0.0125 0.09921875
1 0.39921875 0.30078125 0.00859375 0.0171875
0 0.41875 0.30546875 0.0171875 0.0390625
1 0.51953125 0.21953125 0.01640625 0.046875
1 0.5625 0.21640625 0.01015625 0.04765625
1 0.7140625 0.22265625 0.01171875 0.03515625
1 0.7484375 0.22578125 0.015625 0.03984375
1 0.79375 0.26875 0.02109375 0.05078125
1 0.815625 0.22578125 0.01953125 0.0390625
1 0.834375 0.228125 0.01953125 0.034375
1 0.98046875 0.37890625 0.03828125 0.11328125
1 0.97265625 0.27890625 0.034375 0.0875
1 0.95859375 0.2359375 0.0203125 0.0328125