1 0.2359375 0.3828125 0.03515625 0.14375
1 0.07109375 0.33203125 0.0125 0.0515625
1 0.2828125 0.3171875 0.03046875 0.11015625
0 0.27265625 0.31953125 0.01171875 0.028125
1 0.23828125 0.3078125 0.028125 0.11796875
1 0.2 0.30625 0.02734375 0.09296875
1 0.4078125 0.55 0.05859375 0.23515625
1 0.3703125 0.44453125 0.0484375 0.1546875
1 0.4390625 0.2953125 0.03046875 0.109375
1 0.44453125 0.2296875 0.0203125 0.03125
1 0.5484375 0.19609375 0.01015625 0.01796875
1 0.65859375 0.22578125 0.01484375 0.034375
1 0.7109375 0.2140625 0.01328125 0.0265625
1 0.8984375 0.35 0.02734375 0.0609375
1 0.86875 0.2875 0.025 0.1234375
1 0.9015625 0.28046875 0.0265625 0.09921875
1 0.9 0.23046875 0.01953125 0.03046875