1 0.01015625 0.3671875 0.01953125 0.07578125
1 0.071875 0.33515625 0.0140625 0.05078125
1 0.19296875 0.3421875 0.0265625 0.13671875
0 0.2046875 0.31953125 0.0140625 0.04609375
1 0.20625 0.33046875 0.03125 0.1453125
1 0.246875 0.34296875 0.03125 0.1296875
1 0.22265625 0.29140625 0.0234375 0.128125
1 0.27265625 0.27265625 0.0265625 0.0859375
1 0.40234375 0.30859375 0.03046875 0.09453125
1 0.515625 0.22890625 0.0125 0.02890625
1 0.51875 0.21875 0.01640625 0.0453125
1 0.5625 0.21796875 0.0109375 0.0515625
1 0.696875 0.296875 0.02578125 0.1125
1 0.665625 0.225 0.00703125 0.034375
1 0.79453125 0.209375 0.01171875 0.021875
1 0.803125 0.22734375 0.01015625 0.03671875
1 0.83671875 0.228125 0.0140625 0.03203125
1 0.90625 0.23125 0.01796875 0.0265625
1 0.95703125 0.27734375 0.03203125 0.0875
1 0.95546875 0.23515625 0.0234375 0.03046875