1 0.17031250000000003 0.2861111111111111 0.1375 0.2861111111111111 0.1375 0.45555555555555555 0.17031250000000003 0.45555555555555555
1 0.7296875 0.2944444444444446 0.69375 0.2944444444444446 0.69375 0.46111111111111125 0.7296875 0.46111111111111125
1 0.4296875 0.23888888888888896 0.4109375 0.23888888888888896 0.4109375 0.288888888888889 0.4296875 0.288888888888889
1 0.234375 0.3000000000000001 0.1921875 0.3000000000000001 0.1921875 0.4527777777777778 0.234375 0.4527777777777778
1 0.934375 0.2805555555555558 0.9078125 0.2805555555555558 0.9078125 0.3861111111111113 0.934375 0.3861111111111113
1 0.2453125 0.22777777777777786 0.21875 0.22777777777777786 0.21875 0.35833333333333334 0.2453125 0.35833333333333334
1 0.2875 0.21944444444444453 0.2640625 0.21944444444444453 0.2640625 0.31666666666666676 0.2875 0.31666666666666676
1 0.5828125 0.23888888888888904 0.565625 0.23888888888888904 0.565625 0.3194444444444446 0.5828125 0.3194444444444446
1 0.4875 0.2583333333333334 0.4640625 0.2583333333333334 0.4640625 0.3472222222222223 0.4875 0.3472222222222223
1 0.84375 0.23611111111111127 0.821875 0.23611111111111127 0.821875 0.3194444444444446 0.84375 0.3194444444444446
1 0.621875 0.20000000000000015 0.6078125 0.20000000000000015 0.6078125 0.24166666666666684 0.621875 0.24166666666666684
1 0.903125 0.22500000000000014 0.88125 0.22500000000000014 0.88125 0.3166666666666668 0.903125 0.3166666666666668
1 1 0.2416666666666669 0.978125 0.2416666666666669 0.978125 0.3138888888888891 1 0.3138888888888891
1 0.5296875 0.20000000000000007 0.5140625 0.20000000000000007 0.5140625 0.24444444444444452 0.5296875 0.24444444444444452
1 0.6921875 0.3111111111111113 0.675 0.3111111111111113 0.675 0.3805555555555557 0.6921875 0.3805555555555557
1 0.71875 0.20000000000000015 0.7015625 0.20000000000000015 0.7015625 0.24722222222222237 0.71875 0.24722222222222237