1 0.1140625 0.684375 0.07109375 0.2953125
1 0.58359375 0.715625 0.0859375 0.32578125
1 0.83671875 0.553125 0.06015625 0.21171875
1 0.84453125 0.4984375 0.090625 0.18515625
1 0.9765625 0.28359375 0.025 0.06484375
1 0.8359375 0.278125 0.0265625 0.09375
1 0.875 0.29765625 0.025 0.10546875
1 0.8140625 0.2296875 0.01171875 0.0359375
1 0.82734375 0.23046875 0.01171875 0.02890625
1 0.7421875 0.22421875 0.01875 0.03828125
1 0.64609375 0.321875 0.03125 0.13125
1 0.621875 0.3046875 0.02421875 0.12578125
1 0.684375 0.30546875 0.01796875 0.11875
1 0.765625 0.271875 0.02890625 0.04921875
1 0.615625 0.228125 0.0140625 0.03828125
1 0.425 0.2265625 0.01796875 0.034375
1 0.26484375 0.39453125 0.03828125 0.1109375
1 0.2828125 0.30390625 0.02890625 0.084375
1 0.19296875 0.359375 0.03046875 0.14140625
1 0.228125 0.33359375 0.02421875 0.1296875
1 0.23359375 0.31171875 0.025 0.1359375
1 0.24453125 0.3046875 0.01640625 0.11015625
1 0.115625 0.29765625 0.01328125 0.04765625