1 0.0265625 0.46171875 0.053125 0.1703125
1 0.1546875 0.43359375 0.040625 0.18671875
1 0.13984375 0.38671875 0.0234375 0.16171875
1 0.16640625 0.37421875 0.0296875 0.16484375
1 0.23984375 0.38046875 0.0390625 0.14765625
1 0.2203125 0.27265625 0.02109375 0.08984375
1 0.30078125 0.26875 0.01953125 0.08984375
1 0.28984375 0.2515625 0.01171875 0.01640625
1 0.384375 0.26796875 0.0265625 0.05390625
1 0.715625 0.67109375 0.0984375 0.31875
1 0.79453125 0.715625 0.09140625 0.340625
1 0.92265625 0.63125 0.06953125 0.290625
1 0.67578125 0.3328125 0.0359375 0.07734375
1 0.646875 0.29375 0.0234375 0.1125
1 0.52734375 0.228125 0.0203125 0.03828125
1 0.66015625 0.221875 0.0171875 0.04140625
1 0.69140625 0.234375 0.01875 0.021875
1 0.79140625 0.2078125 0.01640625 0.0296875
1 0.81171875 0.23046875 0.01640625 0.02890625
1 0.875 0.22890625 0.02421875 0.0328125
1 0.86171875 0.31171875 0.0234375 0.06953125
1 0.89375 0.32109375 0.0328125 0.10078125
1 0.9125 0.26953125 0.0296875 0.07734375
1 0.94296875 0.27265625 0.0234375 0.09453125
0 0.13046875 0.3734375 0.0109375 0.03203125