0 0.0515625 0.484375 0.0265625 0.06640625
1 0.0296875 0.44296875 0.059375 0.1984375
1 0.1953125 0.3515625 0.03046875 0.1453125
1 0.23046875 0.30390625 0.034375 0.12734375
1 0.30546875 0.29765625 0.02109375 0.053125
1 0.315625 0.2734375 0.021875 0.0453125
1 0.11171875 0.26796875 0.0203125 0.040625
1 0.33359375 0.51484375 0.09296875 0.23046875
0 0.346875 0.47109375 0.02109375 0.053125
1 0.66796875 0.31484375 0.03828125 0.1375
1 0.8953125 0.33125 0.03203125 0.0625
1 0.659375 0.23046875 0.015625 0.0265625
1 0.78125 0.2640625 0.0234375 0.06484375
1 0.86875 0.2921875 0.0234375 0.1109375
1 0.88984375 0.23359375 0.01875 0.028125
1 0.90625 0.2296875 0.0140625 0.0328125
1 0.928125 0.28203125 0.02734375 0.096875
1 0.94921875 0.36015625 0.0296875 0.0953125
1 0.9796875 0.26640625 0.03203125 0.078125