1 0.17890625 0.3703125 0.03359375 0.153125
1 0.03046875 0.44609375 0.0546875 0.1984375
0 0.05078125 0.48515625 0.03125 0.0671875
1 0.228125 0.30234375 0.03515625 0.13125
1 0.34765625 0.515625 0.07421875 0.22734375
0 0.35546875 0.475 0.0234375 0.05859375
1 0.29375 0.30703125 0.0234375 0.0953125
1 0.1078125 0.2796875 0.0234375 0.0703125
1 0.32265625 0.2671875 0.0234375 0.053125
1 0.71015625 0.3203125 0.028125 0.121875
1 0.68203125 0.3078125 0.01484375 0.11484375
1 0.78203125 0.26484375 0.03515625 0.0609375
1 0.896875 0.33828125 0.03125 0.0671875
1 0.9515625 0.36015625 0.0328125 0.09921875
1 0.9328125 0.28359375 0.02890625 0.08828125
1 0.98046875 0.26328125 0.0328125 0.06875
1 0.87421875 0.23125 0.0265625 0.03203125