1 0.15390625 0.721875 0.0703125 0.275
0 0.16875 0.6984375 0.03125 0.0765625
1 0.1078125 0.46328125 0.05234375 0.2
1 0.08125 0.42578125 0.040625 0.21171875
1 0.18046875 0.36015625 0.02578125 0.12734375
1 0.209375 0.3515625 0.02578125 0.12265625
1 0.26640625 0.27265625 0.0265625 0.04765625
1 0.29609375 0.2765625 0.02109375 0.084375
1 0.0625 0.31015625 0.01875 0.0359375
1 0.3265625 0.259375 0.0234375 0.0796875
1 0.33984375 0.26015625 0.01796875 0.08828125
1 0.68984375 0.3203125 0.0234375 0.1453125
1 0.76796875 0.221875 0.021875 0.04375
1 0.8421875 0.278125 0.0171875 0.09921875
1 0.78984375 0.2765625 0.021875 0.0453125
1 0.96875 0.38984375 0.0296875 0.07578125
1 0.9734375 0.27265625 0.02265625 0.0875