1 0.02578125 0.459375 0.0515625 0.175
1 0.16015625 0.37109375 0.0453125 0.17109375
1 0.1765625 0.3625 0.02734375 0.146875
1 0.30703125 0.2671875 0.0140625 0.071875
1 0.32890625 0.25859375 0.01875 0.07265625
1 0.29453125 0.25078125 0.00546875 0.01171875
1 0.35859375 0.28515625 0.0234375 0.05078125
1 0.33515625 0.29296875 0.0140625 0.03203125
1 0.421875 0.22578125 0.02578125 0.03671875
1 0.515625 0.21953125 0.0203125 0.0484375
1 0.74453125 0.5484375 0.05703125 0.27109375
1 0.72265625 0.48046875 0.0484375 0.20703125
1 0.65625 0.2234375 0.01875 0.0375
1 0.7890625 0.26953125 0.021875 0.0515625
1 0.71171875 0.221875 0.015625 0.0359375
1 0.66484375 0.221875 0.00546875 0.02734375
1 0.79453125 0.21953125 0.0140625 0.04453125
1 0.81328125 0.2296875 0.01640625 0.03125
1 0.8359375 0.23125 0.01640625 0.0296875
1 0.87265625 0.234375 0.02109375 0.02265625
1 0.92265625 0.32578125 0.04453125 0.12421875
1 0.921875 0.26640625 0.028125 0.06015625
1 0.5640625 0.215625 0.00625 0.05234375