1 0.17031250000000003 0.2861111111111111 0.1375 0.2861111111111111 0.1375 0.45555555555555555 0.17031250000000003 0.45555555555555555
1 0.8390625 0.47500000000000014 0.7765625 0.47500000000000014 0.7765625 0.7972222222222225 0.8390625 0.7972222222222225
1 0.07656250000000003 0.30833333333333335 0.021875000000000023 0.30833333333333335 0.02187500000000003 0.5277777777777778 0.07656250000000005 0.5277777777777778
1 0.99375 0.2944444444444447 0.9609375 0.2944444444444447 0.9609375 0.4277777777777779 0.99375 0.4277777777777779
1 0.4265625 0.23888888888888896 0.4078125 0.23888888888888896 0.4078125 0.288888888888889 0.4265625 0.288888888888889
1 0.5828125 0.23888888888888904 0.565625 0.23888888888888904 0.565625 0.3194444444444446 0.5828125 0.3194444444444446
1 0.715625 0.20277777777777795 0.7015625 0.20277777777777795 0.7015625 0.2444444444444446 0.715625 0.2444444444444446
1 0.86875 0.23888888888888904 0.84375 0.23888888888888904 0.84375 0.3388888888888891 0.86875 0.3388888888888891
1 0.296875 0.21944444444444453 0.2703125 0.21944444444444453 0.2703125 0.31666666666666676 0.296875 0.31666666666666676
1 0.840625 0.21111111111111128 0.825 0.21111111111111128 0.825 0.24722222222222237 0.840625 0.24722222222222237
1 0.4875 0.2583333333333334 0.4640625 0.2583333333333334 0.4640625 0.3222222222222223 0.4875 0.3222222222222223
1 0.8453125 0.23611111111111127 0.821875 0.23611111111111127 0.821875 0.3194444444444446 0.8453125 0.3194444444444446
1 1 0.23333333333333356 0.9828125 0.23333333333333356 0.9828125 0.30833333333333357 1 0.30833333333333357
1 0.528125 0.1972222222222223 0.509375 0.1972222222222223 0.509375 0.24444444444444452 0.528125 0.24444444444444452
1 0.58125 0.21111111111111128 0.5609375 0.21111111111111128 0.5609375 0.24166666666666684 0.58125 0.24166666666666684
1 0.625 0.19444444444444461 0.60625 0.19444444444444461 0.60625 0.23888888888888904 0.625 0.23888888888888904
1 0.6671875 0.2972222222222224 0.64375 0.2972222222222224 0.64375 0.3722222222222224 0.6671875 0.3722222222222224