1 0.34765625 0.6296875 0.0578125 0.29375
0 0.0515625 0.49375 0.02734375 0.05546875
0 0.0890625 0.5625 0.0234375 0.03828125
1 0.0328125 0.45 0.065625 0.19375
1 0.17265625 0.371875 0.05 0.1484375
1 0.21328125 0.2984375 0.028125 0.12265625
1 0.15234375 0.271875 0.0203125 0.04609375
1 0.52109375 0.284375 0.02265625 0.0609375
1 0.5515625 0.290625 0.01796875 0.05546875
1 0.50625 0.225 0.0171875 0.03671875
1 0.68984375 0.3859375 0.02890625 0.1734375
1 0.68828125 0.22890625 0.01640625 0.0421875
1 0.66171875 0.23515625 0.0140625 0.03046875
1 0.68671875 0.28046875 0.0109375 0.06328125
1 0.88671875 0.29921875 0.0203125 0.12578125
1 0.92734375 0.34296875 0.0390625 0.09140625
1 0.91875 0.27734375 0.028125 0.08828125
1 0.98203125 0.271875 0.02890625 0.09140625
1 0.95390625 0.23515625 0.01796875 0.03046875
1 0.90625 0.234375 0.0171875 0.02890625