1 0.03125 0.4875 0.0625 0.2515625
1 0.08515625 0.45625 0.05078125 0.1984375
0 0.0640625 0.4359375 0.0078125 0.0234375
1 0.2453125 0.34765625 0.03046875 0.11796875
1 0.27890625 0.32734375 0.03125 0.0984375
0 0.28828125 0.3359375 0.01015625 0.03203125
1 0.26328125 0.2734375 0.01640625 0.08984375
1 0.2515625 0.24609375 0.0078125 0.025
1 0.43984375 0.2953125 0.02890625 0.10703125
1 0.68984375 0.34140625 0.0296875 0.14609375
1 0.5375 0.2296875 0.0109375 0.02734375
1 0.69296875 0.2359375 0.015625 0.01796875
1 0.87734375 0.32109375 0.03671875 0.078125
0 0.884375 0.34453125 0.0078125 0.02734375
1 0.8296875 0.271875 0.01953125 0.09296875
1 0.8 0.2171875 0.01796875 0.05390625
1 0.88203125 0.23125 0.01796875 0.0296875
1 0.9078125 0.29140625 0.02578125 0.11171875
1 0.94765625 0.2296875 0.021875 0.03359375
1 0.71171875 0.2203125 0.01328125 0.0390625