1 0.690625 0.5250000000000001 0.63125 0.5250000000000001 0.63125 0.8222222222222222 0.690625 0.8222222222222222
1 0.290625 0.2111111111111112 0.25625 0.2111111111111112 0.25625 0.31666666666666676 0.290625 0.31666666666666676
1 0.06250000000000003 0.3472222222222222 0.009375000000000026 0.3472222222222222 0.009375000000000033 0.5444444444444444 0.06250000000000004 0.5444444444444444
1 0.4265625 0.23888888888888896 0.40625 0.23888888888888896 0.40625 0.2972222222222223 0.4265625 0.2972222222222223
1 0.659375 0.23611111111111127 0.634375 0.23611111111111127 0.634375 0.3694444444444446 0.659375 0.3694444444444446
1 0.815625 0.2444444444444446 0.7890625 0.2444444444444446 0.7890625 0.2944444444444446 0.815625 0.2944444444444446
1 0.44375 0.21666666666666676 0.4234375 0.21666666666666676 0.4234375 0.24444444444444452 0.44375 0.24444444444444452
1 0.2203125 0.24444444444444452 0.2015625 0.24444444444444452 0.2015625 0.3472222222222223 0.2203125 0.3472222222222223
1 0.84375 0.23611111111111127 0.821875 0.23611111111111127 0.821875 0.3194444444444446 0.84375 0.3194444444444446
1 0.5296875 0.20277777777777786 0.5125 0.20277777777777786 0.5125 0.24444444444444452 0.5296875 0.24444444444444452
1 0.490625 0.288888888888889 0.4640625 0.288888888888889 0.4640625 0.44722222222222235 0.490625 0.44722222222222235
1 0.5015625 0.2861111111111112 0.4796875 0.2861111111111112 0.4796875 0.4305555555555557 0.5015625 0.4305555555555557
0 0.5078125 0.3333333333333334 0.496875 0.3333333333333334 0.496875 0.3583333333333335 0.5078125 0.3583333333333335
0 0.4921875 0.3666666666666668 0.484375 0.3666666666666668 0.484375 0.3861111111111113 0.4921875 0.3861111111111113
1 0.71875 0.20277777777777795 0.7046875 0.20277777777777795 0.7046875 0.2444444444444446 0.71875 0.2444444444444446
1 0.6203125 0.21111111111111128 0.60625 0.21111111111111128 0.60625 0.24722222222222237 0.6203125 0.24722222222222237
1 0.6953125 0.2166666666666668 0.6796875 0.2166666666666668 0.6796875 0.24722222222222237 0.6953125 0.24722222222222237
1 0.7640625 0.2444444444444446 0.740625 0.2444444444444446 0.740625 0.2972222222222224 0.7640625 0.2972222222222224
1 0.9046875 0.23888888888888904 0.8703125 0.23888888888888904 0.8703125 0.36388888888888904 0.9046875 0.36388888888888904
0 0.75625 0.6388888888888891 0.7296875 0.6388888888888891 0.7296875 0.6805555555555557 0.75625 0.6805555555555557