1 0.17395833333333333 0.2342592592592593 0.14791666666666667 0.2342592592592593 0.14791666666666667 0.30185185185185187 0.17395833333333333 0.30185185185185187
1 0.42864583333333334 0.20092592592592604 0.40625 0.20092592592592604 0.40625 0.2425925925925927 0.42864583333333334 0.2425925925925927
1 0.5875 0.23055555555555565 0.5677083333333334 0.23055555555555565 0.5677083333333334 0.3064814814814816 0.5875 0.3064814814814816
1 0.6130208333333333 0.23148148148148162 0.5942708333333333 0.2314814814814816 0.5942708333333333 0.3074074074074075 0.6130208333333333 0.3074074074074075
1 0.6255208333333333 0.19722222222222238 0.6088541666666667 0.19722222222222238 0.6088541666666667 0.24722222222222232 0.6255208333333333 0.24722222222222232
1 0.7145833333333333 0.19351851851851867 0.6958333333333333 0.19351851851851867 0.6958333333333333 0.2500000000000001 0.7145833333333333 0.2500000000000001
1 0.8223958333333333 0.19351851851851867 0.8020833333333334 0.19351851851851867 0.8020833333333334 0.24722222222222243 0.8223958333333333 0.24722222222222243
1 0.8364583333333333 0.20648148148148163 0.8223958333333333 0.20648148148148163 0.8223958333333333 0.25370370370370393 0.8364583333333333 0.25370370370370393
1 0.9520833333333333 0.2129629629629632 0.9328125 0.2129629629629632 0.9328125 0.24722222222222243 0.9520833333333333 0.24722222222222243
1 0.9828125 0.2314814814814817 0.9598958333333333 0.2314814814814817 0.9598958333333333 0.31574074074074093 0.9828125 0.31574074074074093
1 0.7442708333333333 0.26574074074074094 0.7328125 0.26574074074074094 0.7328125 0.29537037037037056 0.7442708333333333 0.29537037037037056