1 0.18671875 0.34453125 0.03125 0.16328125
1 0.19609375 0.34296875 0.01875 0.1359375
1 0.3 0.29453125 0.025 0.0828125
0 0.3078125 0.29375 0.0109375 0.0296875
1 0.3171875 0.2953125 0.01015625 0.03125
1 0.2375 0.278125 0.0234375 0.09453125
1 0.13046875 0.253125 0.01640625 0.05390625
1 0.1671875 0.25234375 0.0265625 0.07265625
1 0.51953125 0.2203125 0.0171875 0.04609375
1 0.5625 0.21796875 0.01015625 0.0484375
1 0.71015625 0.22109375 0.0140625 0.0421875
1 0.75 0.225 0.0171875 0.03828125
1 0.79375 0.26953125 0.02265625 0.05078125
1 0.79296875 0.2125 0.01015625 0.03046875
1 0.803125 0.225 0.01015625 0.03984375
1 0.9375 0.22890625 0.021875 0.0359375
1 0.9546875 0.23203125 0.0171875 0.02578125
1 0.97421875 0.278125 0.02890625 0.08671875
1 0.87109375 0.3234375 0.0328125 0.06796875
1 0.83828125 0.29921875 0.0265625 0.065625