1 0.2875 0.22777777777777786 0.25625 0.22777777777777786 0.25625 0.3472222222222223 0.2875 0.3472222222222223
1 0.17031250000000003 0.2861111111111111 0.1359375 0.2861111111111111 0.13593750000000002 0.45555555555555555 0.17031250000000003 0.45555555555555555
1 0.9328125 0.3222222222222224 0.9015625 0.32222222222222235 0.9015625 0.39166666666666683 0.9328125 0.39166666666666683
1 0.4328125 0.23888888888888896 0.4125 0.23888888888888896 0.4125 0.288888888888889 0.4328125 0.288888888888889
1 0.3328125 0.21388888888888896 0.30625 0.21388888888888896 0.30625 0.2944444444444445 0.3328125 0.2944444444444445
1 0.6234375 0.27777777777777796 0.60625 0.27777777777777796 0.60625 0.3527777777777779 0.6234375 0.3527777777777779
1 0.8671875 0.28888888888888903 0.840625 0.28888888888888903 0.840625 0.3444444444444446 0.8671875 0.3444444444444446
1 0.665625 0.2611111111111113 0.6484375 0.2611111111111113 0.6484375 0.3666666666666668 0.665625 0.3666666666666668
1 0.840625 0.21388888888888904 0.8265625 0.21388888888888904 0.8265625 0.24722222222222237 0.840625 0.24722222222222237
1 0.4875 0.2583333333333334 0.4640625 0.2583333333333334 0.4640625 0.3222222222222223 0.4875 0.3222222222222223
1 0.2265625 0.2222222222222223 0.2 0.2222222222222223 0.2 0.33055555555555566 0.2265625 0.33055555555555566
1 0.6671875 0.20277777777777795 0.6515625 0.20277777777777795 0.6515625 0.24166666666666684 0.6671875 0.24166666666666684
1 0.84375 0.23611111111111127 0.821875 0.23611111111111127 0.821875 0.3194444444444446 0.84375 0.3194444444444446
1 0.4421875 0.21944444444444453 0.4234375 0.21944444444444453 0.4234375 0.24444444444444452 0.4421875 0.24444444444444452
1 0.5296875 0.20277777777777786 0.5109375 0.20277777777777786 0.5109375 0.24444444444444452 0.5296875 0.24444444444444452
1 0.71875 0.19722222222222238 0.703125 0.19722222222222238 0.703125 0.24166666666666684 0.71875 0.24166666666666684