1 0.17031250000000003 0.28888888888888886 0.134375 0.28888888888888886 0.13437500000000002 0.45555555555555555 0.17031250000000003 0.45555555555555555
1 0.278125 0.24166666666666675 0.240625 0.24166666666666675 0.240625 0.3861111111111111 0.278125 0.3861111111111111
1 0.8796875 0.27777777777777796 0.846875 0.27777777777777796 0.846875 0.3527777777777779 0.8796875 0.3527777777777779
1 0.43125 0.23888888888888896 0.4125 0.23888888888888896 0.4125 0.288888888888889 0.43125 0.288888888888889
1 0.334375 0.21388888888888896 0.30625 0.21388888888888896 0.30625 0.2944444444444445 0.334375 0.2944444444444445
1 0.934375 0.3222222222222224 0.89375 0.32222222222222235 0.89375 0.38888888888888906 0.934375 0.38888888888888906
1 0.65 0.24166666666666684 0.6296875 0.24166666666666684 0.6296875 0.3444444444444446 0.65 0.3444444444444446
1 0.840625 0.21111111111111128 0.8265625 0.21111111111111128 0.8265625 0.24722222222222237 0.840625 0.24722222222222237
1 0.4875 0.2583333333333334 0.465625 0.2583333333333334 0.465625 0.3222222222222223 0.4875 0.3222222222222223
1 0.7734375 0.25833333333333347 0.7546875 0.25833333333333347 0.7546875 0.29166666666666685 0.7734375 0.29166666666666685
1 0.6234375 0.27500000000000013 0.60625 0.27500000000000013 0.60625 0.35555555555555574 0.6234375 0.35555555555555574
1 0.84375 0.23611111111111127 0.821875 0.23611111111111127 0.821875 0.3194444444444446 0.84375 0.3194444444444446
1 0.28125 0.21944444444444453 0.2515625 0.21944444444444453 0.2515625 0.2722222222222223 0.28125 0.2722222222222223
1 0.7171875 0.19722222222222238 0.703125 0.19722222222222238 0.703125 0.2444444444444446 0.7171875 0.2444444444444446
1 0.446875 0.21944444444444453 0.421875 0.21944444444444453 0.421875 0.2472222222222223 0.446875 0.2472222222222223
1 0.53125 0.20000000000000007 0.5109375 0.20000000000000007 0.5109375 0.2472222222222223 0.53125 0.2472222222222223