1 0.2500000000000001 0.55 0.14843750000000008 0.55 0.14843750000000008 0.8578125 0.2500000000000001 0.8578125
0 0.14218750000000008 0.634375 0.09062500000000007 0.634375 0.09062500000000008 0.7015625 0.14218750000000008 0.7015625
1 1 0.3421875000000001 0.9609375 0.3421875000000001 0.9609375 0.4078125000000002 1 0.4078125000000002
1 0.975 0.2562500000000001 0.95 0.2562500000000001 0.95 0.3203125000000001 0.975 0.3203125000000001
1 0.9890625 0.2328125000000001 0.9703125 0.2328125000000001 0.9703125 0.2984375000000001 0.9890625 0.2984375000000001
1 0.9515625 0.24218750000000008 0.9265625 0.24218750000000008 0.9265625 0.3265625000000001 0.9515625 0.3265625000000001
1 0.9140625 0.22031250000000008 0.890625 0.22031250000000008 0.890625 0.3453125000000001 0.9140625 0.3453125000000001
1 0.9 0.23437500000000008 0.8703125 0.23437500000000008 0.8703125 0.3468750000000001 0.9 0.3468750000000001
1 0.8203125 0.23437500000000008 0.790625 0.23437500000000008 0.790625 0.2968750000000001 0.8203125 0.2968750000000001
1 0.7 0.2765625000000001 0.675 0.2765625000000001 0.675 0.415625 0.7 0.415625
1 0.2828125 0.23125 0.2578125 0.23125 0.2578125 0.315625 0.2828125 0.315625