1 0.66875 0.5333333333333334 0.615625 0.5333333333333334 0.615625 0.8194444444444444 0.66875 0.8194444444444444
1 0.06250000000000003 0.34444444444444444 0.010937500000000025 0.34444444444444444 0.010937500000000032 0.5444444444444444 0.06250000000000004 0.5444444444444444
1 0.665625 0.2305555555555557 0.6375 0.2305555555555557 0.6375 0.35000000000000014 0.665625 0.35000000000000014
1 0.25 0.23055555555555562 0.2296875 0.23055555555555562 0.2296875 0.32777777777777783 0.25 0.32777777777777783
1 0.778125 0.22777777777777794 0.7484375 0.22777777777777794 0.7484375 0.2944444444444446 0.778125 0.2944444444444446
1 0.5109375 0.3000000000000001 0.48125 0.3000000000000001 0.48125 0.47500000000000014 0.5109375 0.47500000000000014
1 0.8453125 0.23611111111111127 0.821875 0.23611111111111127 0.821875 0.3250000000000002 0.8453125 0.3250000000000002
1 0.478125 0.2472222222222223 0.446875 0.2472222222222223 0.446875 0.35277777777777786 0.478125 0.35277777777777786
1 0.4921875 0.288888888888889 0.4671875 0.288888888888889 0.4671875 0.4361111111111113 0.4921875 0.4361111111111113
1 0.528125 0.20277777777777786 0.5078125 0.20277777777777786 0.5078125 0.24444444444444452 0.528125 0.24444444444444452
1 0.5484375 0.18611111111111123 0.534375 0.1861111111111112 0.534375 0.23333333333333345 0.5484375 0.2333333333333335
1 0.7453125 0.21388888888888904 0.73125 0.21388888888888904 0.73125 0.25000000000000017 0.7453125 0.25000000000000017
1 0.6625 0.3333333333333335 0.6296875 0.3333333333333335 0.6296875 0.4194444444444446 0.6625 0.4194444444444446
1 0.871875 0.21388888888888904 0.8546875 0.21388888888888904 0.8546875 0.24722222222222237 0.871875 0.24722222222222237
0 0.7609375 0.6333333333333335 0.73125 0.6333333333333335 0.73125 0.6861111111111112 0.7609375 0.6861111111111112