1 0.265625 0.23333333333333342 0.2359375 0.23333333333333342 0.2359375 0.35833333333333334 0.265625 0.35833333333333334
1 0.65625 0.5138888888888891 0.60625 0.5138888888888891 0.60625 0.8027777777777778 0.65625 0.8027777777777778
1 0.665625 0.22777777777777794 0.640625 0.22777777777777794 0.640625 0.35000000000000014 0.665625 0.35000000000000014
1 0.05937500000000003 0.3388888888888889 0.010937500000000022 0.3388888888888889 0.01093750000000003 0.5444444444444444 0.059375000000000046 0.5444444444444444
1 0.571875 0.23888888888888904 0.546875 0.23888888888888904 0.546875 0.31388888888888905 0.571875 0.31388888888888905
1 0.5203125 0.20555555555555563 0.5046875 0.20555555555555563 0.5046875 0.24166666666666675 0.5203125 0.24166666666666675
1 1 0.2666666666666669 0.9875 0.2666666666666669 0.9875 0.3138888888888891 1 0.3138888888888891
1 1 0.3722222222222224 0.9828125 0.3722222222222224 0.9828125 0.43888888888888905 1 0.43888888888888905
1 0.103125 0.23055555555555557 0.08125000000000002 0.23055555555555557 0.08125000000000002 0.2833333333333333 0.103125 0.2833333333333333
1 0.5203125 0.3472222222222223 0.4734375 0.3472222222222223 0.4734375 0.4777777777777779 0.5203125 0.4777777777777779
1 0.46875 0.23888888888888896 0.4421875 0.23888888888888896 0.4421875 0.3583333333333335 0.46875 0.3583333333333335
1 0.490625 0.2972222222222223 0.4703125 0.2972222222222223 0.4703125 0.3861111111111113 0.490625 0.3861111111111113
1 0.528125 0.2944444444444445 0.4875 0.2944444444444445 0.4875 0.3861111111111113 0.528125 0.3861111111111113
1 0.5484375 0.188888888888889 0.534375 0.18888888888888897 0.534375 0.238888888888889 0.5484375 0.23888888888888904
1 0.71875 0.20000000000000015 0.7046875 0.20000000000000015 0.7046875 0.24722222222222237 0.71875 0.24722222222222237
1 0.76875 0.2194444444444446 0.740625 0.2194444444444446 0.740625 0.2972222222222224 0.76875 0.2972222222222224
1 0.815625 0.21388888888888904 0.7984375 0.21388888888888904 0.7984375 0.25277777777777793 0.815625 0.25277777777777793
1 0.84375 0.23611111111111127 0.8234375 0.23611111111111127 0.8234375 0.3305555555555557 0.84375 0.3305555555555557
1 0.8765625 0.21388888888888904 0.85625 0.21388888888888904 0.85625 0.2555555555555557 0.8765625 0.2555555555555557
0 0.7578125 0.6416666666666668 0.7296875 0.6416666666666668 0.7296875 0.6805555555555557 0.7578125 0.6805555555555557