1 0.125 0.67421875 0.0734375 0.290625
0 0.0328125 0.43359375 0.03125 0.05390625
0 0.0875 0.47734375 0.02890625 0.05546875
0 0.0859375 0.56171875 0.02265625 0.040625
1 0.0546875 0.459375 0.05390625 0.196875
1 0.07109375 0.43515625 0.046875 0.19296875
1 0.16484375 0.378125 0.03515625 0.15625
1 0.2125 0.2984375 0.03125 0.12265625
1 0.15234375 0.2734375 0.0203125 0.053125
1 0.70703125 0.4296875 0.040625 0.19296875
1 0.63984375 0.3359375 0.0234375 0.12421875
1 0.60625 0.2796875 0.0234375 0.059375
1 0.5296875 0.28125 0.01875 0.04921875
1 0.890625 0.3 0.0234375 0.11875
1 0.921875 0.34453125 0.03828125 0.09375
1 0.925 0.2734375 0.0296875 0.0625
1 0.95390625 0.23671875 0.01640625 0.0421875
1 0.98671875 0.27109375 0.02578125 0.0796875
1 0.91015625 0.23046875 0.0171875 0.028125
1 0.66015625 0.23203125 0.02109375 0.0328125