1 0.1140625 0.49296875 0.05703125 0.16015625
1 0.0390625 0.446875 0.0546875 0.1875
0 0.07890625 0.5625 0.02734375 0.040625
1 0.19296875 0.37265625 0.03515625 0.15859375
1 0.15234375 0.27265625 0.01640625 0.053125
1 0.21640625 0.29921875 0.034375 0.12734375
1 0.10703125 0.38203125 0.03515625 0.1109375
1 0.53515625 0.37578125 0.0265625 0.1140625
1 0.63203125 0.2265625 0.0109375 0.03984375
1 0.6828125 0.30546875 0.0140625 0.11875
1 0.8125 0.278125 0.0171875 0.0421875
1 0.8328125 0.290625 0.0234375 0.078125
1 0.86953125 0.3125 0.021875 0.0796875
1 0.8875 0.29921875 0.02109375 0.12734375
1 0.9234375 0.29375 0.028125 0.103125
1 0.934375 0.3546875 0.03359375 0.09765625
1 0.98125 0.27421875 0.0234375 0.08359375
1 0.98515625 0.23125 0.01328125 0.02890625
1 0.9109375 0.23515625 0.0171875 0.0328125
1 0.94140625 0.69609375 0.10703125 0.32578125