1 0.30468750000000006 0.5694444444444444 0.2234375 0.5694444444444444 0.22343750000000004 0.8833333333333333 0.3046875000000001 0.8833333333333333
1 0.12343750000000005 0.325 0.07500000000000002 0.325 0.07500000000000004 0.5222222222222223 0.12343750000000005 0.5222222222222223
1 0.4796875 0.24166666666666675 0.4421875 0.24166666666666675 0.4421875 0.39166666666666683 0.4796875 0.39166666666666683
1 0.428125 0.23888888888888896 0.409375 0.23888888888888896 0.409375 0.2944444444444445 0.428125 0.2944444444444445
1 0.628125 0.3166666666666668 0.590625 0.3166666666666668 0.590625 0.4277777777777779 0.628125 0.4277777777777779
1 0.278125 0.2222222222222223 0.2515625 0.2222222222222223 0.2515625 0.31666666666666676 0.278125 0.31666666666666676
1 0.9390625 0.27777777777777796 0.90625 0.27777777777777796 0.90625 0.38333333333333347 0.9390625 0.38333333333333347
1 0.03281250000000005 0.6694444444444444 4.6115606030392526e-17 0.6694444444444444 5.099505812074526e-17 0.8111111111111111 0.03281250000000006 0.8111111111111111
1 0.8453125 0.23611111111111127 0.8234375 0.23611111111111127 0.8234375 0.3250000000000002 0.8453125 0.3250000000000002
1 0.584375 0.23888888888888904 0.5671875 0.23888888888888904 0.5671875 0.3194444444444446 0.584375 0.3194444444444446
1 0.9859375 0.23333333333333356 0.9515625 0.23333333333333356 0.9515625 0.32222222222222247 0.9859375 0.32222222222222247
1 0.9078125 0.23055555555555576 0.884375 0.2305555555555557 0.884375 0.33055555555555577 0.9078125 0.33055555555555577
1 0.5734375 0.3583333333333335 0.553125 0.3583333333333335 0.553125 0.4055555555555557 0.5734375 0.4055555555555557
1 0.528125 0.20000000000000007 0.509375 0.20000000000000007 0.509375 0.24444444444444452 0.528125 0.24444444444444452
1 0.7859375 0.2444444444444446 0.75625 0.2444444444444446 0.75625 0.2944444444444446 0.7859375 0.2944444444444446