1 0.51640625 0.715625 0.0890625 0.32265625
0 0.53359375 0.71015625 0.0296875 0.07109375
1 0.134375 0.40234375 0.0296875 0.15859375
1 0.15390625 0.3765625 0.034375 0.1625
1 0.10859375 0.275 0.02578125 0.05546875
1 0.22265625 0.3015625 0.03046875 0.1296875
1 0.275 0.25546875 0.025 0.05
1 0.296875 0.2765625 0.01953125 0.0875
1 0.321875 0.26953125 0.034375 0.05546875
1 0.5171875 0.23046875 0.02578125 0.0234375
1 0.684375 0.30390625 0.02109375 0.1203125
1 0.83828125 0.27109375 0.0203125 0.0765625
1 0.80859375 0.23046875 0.01875 0.02890625
1 0.8390625 0.2265625 0.01171875 0.03203125
1 0.875 0.340625 0.02578125 0.04375
1 0.9796875 0.4109375 0.0359375 0.05703125
1 0.93203125 0.29140625 0.02265625 0.05703125
1 0.94609375 0.26328125 0.01953125 0.0765625
1 0.96484375 0.23359375 0.01640625 0.0328125
1 0.903125 0.23125 0.02890625 0.03203125