1 0.278125 0.21944444444444453 0.253125 0.21944444444444453 0.253125 0.31666666666666676 0.278125 0.31666666666666676
1 0.6796875 0.5305555555555557 0.6265625 0.5305555555555557 0.6265625 0.8222222222222222 0.6796875 0.8222222222222222
1 0.06250000000000003 0.34444444444444444 0.012500000000000022 0.34444444444444444 0.01250000000000003 0.5444444444444444 0.06250000000000004 0.5444444444444444
1 0.425 0.2361111111111112 0.4046875 0.2361111111111112 0.4046875 0.2972222222222223 0.425 0.2972222222222223
1 0.490625 0.2861111111111112 0.4625 0.2861111111111112 0.4625 0.43888888888888905 0.490625 0.43888888888888905
1 0.44375 0.21666666666666676 0.4203125 0.21666666666666676 0.4203125 0.2472222222222223 0.44375 0.2472222222222223
1 0.190625 0.23611111111111116 0.1609375 0.2361111111111111 0.1609375 0.30000000000000004 0.190625 0.3000000000000001
1 0.5046875 0.288888888888889 0.48125 0.288888888888889 0.48125 0.4305555555555557 0.5046875 0.4305555555555557
1 0.5296875 0.1972222222222223 0.509375 0.1972222222222223 0.509375 0.2472222222222223 0.5296875 0.2472222222222223
1 0.6625 0.23888888888888904 0.6296875 0.23888888888888904 0.6296875 0.3250000000000002 0.6625 0.3250000000000002
1 0.6484375 0.3111111111111113 0.60625 0.3111111111111113 0.60625 0.40000000000000013 0.6484375 0.40000000000000013
1 0.6703125 0.27500000000000013 0.6421875 0.27500000000000013 0.6421875 0.39166666666666683 0.6703125 0.39166666666666683
1 0.7625 0.24166666666666684 0.7375 0.24166666666666684 0.7375 0.2944444444444446 0.7625 0.2944444444444446
1 0.796875 0.23888888888888904 0.7671875 0.23888888888888904 0.7671875 0.2972222222222224 0.796875 0.2972222222222224
1 0.8671875 0.27222222222222237 0.8359375 0.27222222222222237 0.8359375 0.3472222222222224 0.8671875 0.3472222222222224
1 0.84375 0.2333333333333335 0.821875 0.2333333333333335 0.821875 0.2972222222222224 0.84375 0.2972222222222224
1 0.8640625 0.24166666666666684 0.84375 0.24166666666666684 0.84375 0.2944444444444446 0.8640625 0.2944444444444446
0 0.7546875 0.6388888888888891 0.73125 0.6388888888888891 0.73125 0.6777777777777779 0.7546875 0.6777777777777779
0 0.4890625 0.3694444444444446 0.4796875 0.3694444444444446 0.4796875 0.38888888888888906 0.4890625 0.38888888888888906
0 0.5078125 0.33055555555555566 0.4953125 0.33055555555555566 0.4953125 0.36111111111111127 0.5078125 0.36111111111111127
0 0.634375 0.35555555555555574 0.61875 0.35555555555555574 0.61875 0.39722222222222237 0.634375 0.39722222222222237