1 0.4015625 0.5296875 0.04921875 0.246875
1 0.440625 0.55703125 0.03203125 0.18671875
0 0.40859375 0.47890625 0.0328125 0.07421875
1 0.16796875 0.3828125 0.0484375 0.17578125
1 0.23828125 0.3671875 0.03984375 0.17578125
1 0.24296875 0.296875 0.02109375 0.0671875
1 0.2484375 0.29296875 0.0234375 0.1015625
1 0.4234375 0.38515625 0.04609375 0.14765625
1 0.4203125 0.2859375 0.021875 0.05625
1 0.48984375 0.32578125 0.025 0.146875
1 0.521875 0.21875 0.01875 0.046875
1 0.559375 0.2171875 0.01328125 0.0515625
1 0.68515625 0.296875 0.01640625 0.11015625
1 0.69921875 0.22890625 0.01875 0.03125
1 0.7078125 0.22109375 0.0140625 0.0375
1 0.896875 0.2328125 0.0203125 0.02890625
1 0.9359375 0.28203125 0.03125 0.0890625