0 0.08828125 0.5625 0.02578125 0.0421875
1 0.059375 0.665625 0.07578125 0.3
1 0.04765625 0.45078125 0.06015625 0.2
1 0.1421875 0.38125 0.040625 0.15703125
1 0.1546875 0.2734375 0.015625 0.0515625
1 0.09765625 0.30390625 0.02578125 0.08359375
1 0.21875 0.30234375 0.03046875 0.128125
1 0.290625 0.30390625 0.021875 0.09375
1 0.31015625 0.26953125 0.02890625 0.08359375
1 0.65859375 0.2296875 0.015625 0.0328125
1 0.7375 0.26953125 0.03046875 0.04921875
1 0.75859375 0.22734375 0.021875 0.03984375
1 0.68359375 0.30390625 0.0140625 0.1140625
1 0.88828125 0.346875 0.03203125 0.05703125
1 0.89609375 0.33984375 0.01875 0.05
1 0.9859375 0.2734375 0.02734375 0.08359375
1 0.90390625 0.234375 0.0234375 0.03671875