1 0.02578125 0.4578125 0.0515625 0.175
1 0.16015625 0.371875 0.04609375 0.1703125
1 0.17734375 0.36171875 0.0265625 0.146875
1 0.2109375 0.27421875 0.021875 0.08828125
1 0.29453125 0.25078125 0.00625 0.01171875
1 0.30625 0.26640625 0.01328125 0.07109375
1 0.3296875 0.25859375 0.01640625 0.07265625
0 0.33125 0.24453125 0.0109375 0.02421875
1 0.38203125 0.28515625 0.01171875 0.01953125
1 0.41171875 0.3265625 0.034375 0.13125
1 0.42265625 0.225 0.0234375 0.0359375
1 0.51640625 0.21875 0.0203125 0.04765625
1 0.7625 0.6328125 0.0640625 0.31796875
1 0.74140625 0.534375 0.053125 0.24375
1 0.65859375 0.22421875 0.0171875 0.03671875
1 0.7109375 0.22109375 0.01328125 0.0421875
1 0.78125 0.2671875 0.02265625 0.05390625
1 0.8859375 0.31796875 0.0296875 0.1078125
1 0.9203125 0.284375 0.0296875 0.0953125
1 0.7953125 0.21875 0.0140625 0.04609375
1 0.83671875 0.23125 0.015625 0.028125
1 0.8703125 0.2375 0.02109375 0.01875