0 0.16875 0.66171875 0.03046875 0.13984375
1 0.14921875 0.71796875 0.071875 0.290625
1 0.08359375 0.42421875 0.05078125 0.2171875
1 0.13828125 0.44375 0.046875 0.19140625
1 0.1828125 0.3578125 0.02578125 0.1359375
1 0.21015625 0.353125 0.02890625 0.1296875
1 0.26796875 0.275 0.0296875 0.05
1 0.2953125 0.27890625 0.02109375 0.08984375
1 0.33046875 0.25859375 0.02578125 0.08046875
1 0.3421875 0.23125 0.01328125 0.0421875
1 0.09609375 0.30234375 0.02421875 0.0515625
1 0.65 0.321875 0.028125 0.1359375
1 0.68515625 0.30390625 0.015625 0.11875
1 0.7640625 0.22109375 0.01953125 0.0453125
1 0.8125 0.23671875 0.02890625 0.02109375
1 0.83203125 0.2875 0.028125 0.059375
1 0.96796875 0.36171875 0.04140625 0.11015625
1 0.83984375 0.2609375 0.01484375 0.0609375
1 0.86484375 0.2265625 0.01796875 0.0421875