0 0.0609375 0.4984375 0.02890625 0.053125
1 0.04765625 0.62734375 0.0953125 0.28203125
1 0.06875 0.45234375 0.04765625 0.209375
1 0.1390625 0.378125 0.040625 0.16171875
1 0.225 0.303125 0.03046875 0.1296875
1 0.15625 0.26953125 0.01953125 0.059375
1 0.290625 0.30234375 0.02734375 0.09375
1 0.27578125 0.27265625 0.01796875 0.103125
1 0.6515625 0.328125 0.03125 0.15078125
1 0.9171875 0.6140625 0.07109375 0.2734375
1 0.921875 0.3671875 0.03359375 0.0671875
1 0.8890625 0.34609375 0.034375 0.05703125
1 0.7546875 0.228125 0.025 0.0328125
1 0.58046875 0.228125 0.01328125 0.0328125
1 0.80546875 0.2203125 0.021875 0.04609375
1 0.859375 0.2859375 0.02265625 0.09765625
1 0.9046875 0.23359375 0.025 0.0328125
1 0.89765625 0.2921875 0.0328125 0.053125