1 1 0.5388888888888891 0.9140625 0.5388888888888891 0.9140625 0.8805555555555559 1 0.8805555555555559
1 0.5546875 0.5277777777777779 0.4828125 0.5277777777777779 0.4828125 0.8194444444444444 0.5546875 0.8194444444444444
1 0.453125 0.3444444444444445 0.4109375 0.3444444444444445 0.4109375 0.5388888888888891 0.453125 0.5388888888888891
1 0.290625 0.2111111111111112 0.25625 0.2111111111111112 0.25625 0.31666666666666676 0.290625 0.31666666666666676
1 0.07343750000000003 0.3416666666666667 0.02343750000000002 0.3416666666666667 0.02343750000000003 0.5472222222222223 0.07343750000000004 0.5472222222222223
1 0.421875 0.3361111111111112 0.3921875 0.3361111111111112 0.3921875 0.502777777777778 0.421875 0.502777777777778
1 0.428125 0.23888888888888896 0.409375 0.23888888888888896 0.409375 0.29166666666666674 0.428125 0.29166666666666674
1 0.7359375 0.24166666666666684 0.7125 0.24166666666666684 0.7125 0.37500000000000017 0.7359375 0.37500000000000017
1 0.84375 0.23611111111111127 0.821875 0.23611111111111127 0.821875 0.3166666666666668 0.84375 0.3166666666666668
1 0.9515625 0.23611111111111135 0.921875 0.23611111111111135 0.921875 0.32500000000000023 0.9515625 0.32500000000000023
1 0.6515625 0.2694444444444446 0.6296875 0.2694444444444446 0.6296875 0.38888888888888906 0.6515625 0.38888888888888906
1 0.026562500000000027 0.3277777777777778 2.2579425359279323e-17 0.3277777777777778 2.5449691294780934e-17 0.4111111111111111 0.026562500000000034 0.4111111111111111
1 0.4484375 0.21666666666666676 0.425 0.21666666666666676 0.425 0.24444444444444452 0.4484375 0.24444444444444452
1 0.4875 0.25555555555555565 0.465625 0.25555555555555565 0.465625 0.3222222222222223 0.4875 0.3222222222222223
1 0.5875 0.19444444444444461 0.575 0.19444444444444461 0.575 0.24166666666666684 0.5875 0.24166666666666684
1 0.56875 0.19166666666666682 0.5546875 0.19166666666666682 0.5546875 0.23611111111111127 0.56875 0.23611111111111127
1 0.7203125 0.20000000000000015 0.7 0.20000000000000015 0.7 0.24166666666666684 0.7203125 0.24166666666666684
1 0.6671875 0.21111111111111128 0.65 0.21111111111111128 0.65 0.25000000000000017 0.6671875 0.25000000000000017
1 0.8921875 0.28888888888888903 0.8625 0.28888888888888903 0.8625 0.36388888888888904 0.8921875 0.36388888888888904
1 0.9046875 0.24722222222222237 0.875 0.24722222222222237 0.875 0.3166666666666668 0.9046875 0.3166666666666668
1 0.9296875 0.27500000000000024 0.9078125 0.27500000000000024 0.9078125 0.33888888888888913 0.9296875 0.33888888888888913
1 0.8734375 0.2694444444444446 0.8515625 0.2694444444444446 0.8515625 0.3305555555555557 0.8734375 0.3305555555555557
0 0.65625 0.627777777777778 0.6171875 0.627777777777778 0.6171875 0.6833333333333335 0.65625 0.6833333333333335