1 0.309375 0.6703125 0.06015625 0.30703125
0 0.0859375 0.5625 0.0265625 0.0421875
0 0.05234375 0.49765625 0.02734375 0.05
1 0.025 0.428125 0.05 0.10625
1 0.17578125 0.3734375 0.03828125 0.15234375
1 0.215625 0.29765625 0.02890625 0.12421875
1 0.15234375 0.2703125 0.01640625 0.04921875
1 0.5109375 0.22265625 0.01875 0.040625
1 0.5515625 0.28203125 0.02734375 0.0625
1 0.57265625 0.2921875 0.01875 0.05859375
1 0.6265625 0.3109375 0.02578125 0.0875
1 0.69296875 0.40546875 0.034375 0.17890625
1 0.684375 0.29296875 0.01015625 0.08046875
1 0.659375 0.23203125 0.01875 0.03046875
1 0.88984375 0.30078125 0.025 0.12578125
1 0.92734375 0.34609375 0.0390625 0.09140625
1 0.921875 0.2796875 0.0265625 0.07578125
1 0.95625 0.23671875 0.02421875 0.03671875
1 0.9828125 0.2703125 0.028125 0.08828125