1 0.03515625 0.48515625 0.06953125 0.1953125
1 0.15703125 0.39765625 0.03671875 0.1921875
1 0.26328125 0.36484375 0.03671875 0.140625
0 0.253125 0.36484375 0.0078125 0.034375
1 0.25859375 0.29765625 0.0296875 0.05703125
1 0.30703125 0.271875 0.02578125 0.1015625
1 0.32890625 0.259375 0.01953125 0.0703125
1 0.234375 0.2875 0.0265625 0.1015625
1 0.25703125 0.25546875 0.01875 0.0609375
0 0.259375 0.25234375 0.0140625 0.025
1 0.490625 0.2921875 0.0234375 0.11015625
1 0.52109375 0.22265625 0.01328125 0.04296875
1 0.66015625 0.22265625 0.01640625 0.04140625
1 0.71796875 0.3296875 0.02578125 0.12890625
1 0.68984375 0.234375 0.01875 0.02265625
1 0.83125 0.2703125 0.01875 0.09921875
1 0.896875 0.31953125 0.0375 0.10390625
1 0.9640625 0.375 0.03515625 0.10078125
1 0.7125 0.21953125 0.015625 0.034375
1 0.815625 0.23125 0.0171875 0.03046875
1 0.86953125 0.234375 0.02265625 0.02578125
1 0.8796875 0.228125 0.0109375 0.03515625
1 0.91640625 0.290625 0.0265625 0.11484375
1 0.89921875 0.2359375 0.00859375 0.01484375