1 0.2703125 0.2861111111111112 0.2359375 0.2861111111111112 0.2359375 0.4222222222222222 0.2703125 0.4222222222222222
1 0.4859375 0.5055555555555558 0.40625 0.5055555555555558 0.40625 0.8333333333333334 0.4859375 0.8333333333333334
1 0.1765625 0.2861111111111111 0.1453125 0.2861111111111111 0.1453125 0.45555555555555555 0.17656250000000004 0.45555555555555555
1 0.4328125 0.23888888888888896 0.4125 0.23888888888888896 0.4125 0.288888888888889 0.4328125 0.288888888888889
1 0.221875 0.2250000000000001 0.196875 0.2250000000000001 0.19687500000000002 0.35277777777777786 0.221875 0.35277777777777786
1 0.69375 0.30000000000000016 0.6734375 0.30000000000000016 0.6734375 0.4444444444444446 0.69375 0.4444444444444446
1 0.7171875 0.20277777777777795 0.703125 0.20277777777777795 0.703125 0.2444444444444446 0.7171875 0.2444444444444446
1 0.8453125 0.23888888888888904 0.821875 0.23888888888888904 0.821875 0.3194444444444446 0.8453125 0.3194444444444446
1 0.4875 0.2583333333333334 0.465625 0.2583333333333334 0.465625 0.31944444444444453 0.4875 0.31944444444444453
1 0.328125 0.21666666666666676 0.2984375 0.21666666666666676 0.2984375 0.31111111111111117 0.328125 0.31111111111111117
1 0.44375 0.2250000000000001 0.4234375 0.2250000000000001 0.4234375 0.2472222222222223 0.44375 0.2472222222222223
1 0.5296875 0.1972222222222223 0.509375 0.1972222222222223 0.509375 0.24444444444444452 0.5296875 0.24444444444444452
1 0.6671875 0.20000000000000015 0.65 0.20000000000000015 0.65 0.2444444444444446 0.6671875 0.2444444444444446
1 0.6359375 0.22222222222222238 0.6140625 0.22222222222222238 0.6140625 0.24722222222222237 0.6359375 0.24722222222222237
1 0.84375 0.20833333333333348 0.828125 0.20833333333333348 0.828125 0.24722222222222237 0.84375 0.24722222222222237