1 0.04140625 0.45625 0.053125 0.17578125
1 0.12890625 0.46640625 0.05234375 0.19453125
0 0.11328125 0.46640625 0.015625 0.040625
1 0.16640625 0.39296875 0.034375 0.19765625
1 0.2375 0.30703125 0.02265625 0.09296875
1 0.2875 0.28671875 0.01875 0.11171875
1 0.334375 0.26171875 0.02578125 0.06640625
1 0.3078125 0.27265625 0.02421875 0.05
1 0.82265625 0.646875 0.07578125 0.321875
1 0.74609375 0.4265625 0.0390625 0.190625
1 0.55078125 0.27578125 0.01796875 0.08046875
1 0.52421875 0.2234375 0.01640625 0.04296875
1 0.659375 0.225 0.01640625 0.0375
1 0.76015625 0.22421875 0.01640625 0.0390625
1 0.81640625 0.23046875 0.0171875 0.0296875
1 0.9765625 0.378125 0.04609375 0.10703125
1 0.88359375 0.31328125 0.02265625 0.08984375
1 0.909375 0.3234375 0.04296875 0.10234375
1 0.87578125 0.28671875 0.0234375 0.12578125
1 0.91875 0.2625 0.02890625 0.06328125
1 0.2703125 0.2484375 0.0171875 0.04609375
1 0.56328125 0.228125 0.0125 0.028125
1 0.69921875 0.22734375 0.0140625 0.03671875