1 0.3296875 0.2171875 0.3140625 0.2171875 0.3140625 0.3125 0.3296875 0.3125
1 0.7140625 0.2015625000000001 0.7015625 0.2015625000000001 0.7015625 0.24375000000000008 0.7140625 0.24375000000000008
1 0.909375 0.2468750000000001 0.878125 0.2468750000000001 0.878125 0.3671875000000001 0.909375 0.3671875000000001
1 0.9328125 0.2296875000000001 0.909375 0.2296875000000001 0.909375 0.33281250000000007 0.9328125 0.33281250000000007
1 0.9921875 0.2375000000000001 0.9671875 0.2375000000000001 0.9671875 0.31718750000000007 0.9921875 0.31718750000000007
1 0.95 0.22031250000000008 0.9328125 0.22031250000000008 0.9328125 0.2468750000000001 0.95 0.2468750000000001
1 0.79375 0.35625000000000007 0.75 0.35625000000000007 0.75 0.42500000000000016 0.79375 0.42500000000000016
0 0.7609375 0.3765625000000001 0.7421875 0.3765625000000001 0.7421875 0.4046875000000002 0.7609375 0.4046875000000002
1 0.6609375 0.2375000000000001 0.6375 0.2375000000000001 0.6375 0.3687500000000001 0.6609375 0.3687500000000001
1 0.5140625 0.2734375000000001 0.4921875 0.2734375000000001 0.4921875 0.3625000000000001 0.5140625 0.3625000000000001
1 0.45625 0.30156250000000007 0.4234375 0.30156250000000007 0.4234375 0.4640625 0.45625 0.4640625
1 0.9890625 0.35625000000000007 0.9515625 0.35625000000000007 0.9515625 0.43750000000000017 0.9890625 0.43750000000000017