1 0.65625 0.5138888888888891 0.6078125 0.5138888888888891 0.6078125 0.8027777777777778 0.65625 0.8027777777777778
1 0.05937500000000003 0.33611111111111114 0.010937500000000022 0.33611111111111114 0.01093750000000003 0.5444444444444444 0.059375000000000046 0.5444444444444444
1 0.503125 0.3000000000000001 0.478125 0.3000000000000001 0.478125 0.4833333333333335 0.503125 0.4833333333333335
1 0.8421875 0.23888888888888904 0.821875 0.23888888888888904 0.821875 0.3250000000000002 0.8421875 0.3250000000000002
1 0.4671875 0.3333333333333334 0.434375 0.3333333333333334 0.434375 0.4944444444444446 0.4671875 0.4944444444444446
1 0.5203125 0.20277777777777786 0.5046875 0.20277777777777786 0.5046875 0.24166666666666675 0.5203125 0.24166666666666675
1 0.665625 0.22777777777777794 0.6421875 0.22777777777777794 0.6421875 0.35000000000000014 0.665625 0.35000000000000014
1 0.56875 0.23888888888888904 0.5453125 0.23888888888888904 0.5453125 0.3166666666666668 0.56875 0.3166666666666668
1 0.478125 0.24166666666666675 0.446875 0.24166666666666675 0.446875 0.35277777777777786 0.478125 0.35277777777777786
1 0.7671875 0.22222222222222238 0.740625 0.22222222222222238 0.740625 0.30000000000000016 0.7671875 0.30000000000000016
1 0.8734375 0.21111111111111128 0.853125 0.21111111111111128 0.853125 0.25277777777777793 0.8734375 0.25277777777777793
0 0.75 0.6361111111111113 0.7296875 0.6361111111111113 0.7296875 0.6777777777777779 0.75 0.6777777777777779
0 0.5078125 0.33055555555555566 0.496875 0.33055555555555566 0.496875 0.36388888888888904 0.5078125 0.36388888888888904