1 0.04140625 0.5515625 0.07421875 0.1109375
1 0.40859375 0.5515625 0.053125 0.2359375
0 0.4234375 0.55390625 0.00859375 0.05390625
1 0.38359375 0.44453125 0.04609375 0.15234375
1 0.1828125 0.3765625 0.0453125 0.16640625
1 0.0703125 0.33515625 0.01328125 0.053125
1 0.26875 0.34921875 0.034375 0.13046875
1 0.2453125 0.3171875 0.0203125 0.0890625
1 0.25546875 0.26796875 0.01953125 0.05078125
1 0.325 0.26015625 0.02578125 0.065625
1 0.24375 0.25625 0.01484375 0.040625
1 0.44921875 0.2953125 0.02734375 0.11015625
1 0.44921875 0.2296875 0.00859375 0.02734375
1 0.55234375 0.209375 0.01875 0.04453125
1 0.66015625 0.22265625 0.015625 0.040625
1 0.70859375 0.2296875 0.01953125 0.02890625
1 0.8734375 0.32109375 0.028125 0.0734375
1 0.83203125 0.2703125 0.0203125 0.09921875
1 0.8984375 0.2859375 0.028125 0.1140625
1 0.96328125 0.2328125 0.02265625 0.03203125