1 0.025 0.43671875 0.04921875 0.1296875
1 0.17578125 0.35703125 0.04375 0.16328125
1 0.196875 0.3421875 0.02578125 0.13984375
1 0.26484375 0.28125 0.02578125 0.11015625
1 0.2109375 0.278125 0.02265625 0.09296875
1 0.32734375 0.25859375 0.01953125 0.0703125
1 0.34140625 0.27109375 0.0109375 0.0484375
0 0.3328125 0.2578125 0.0078125 0.02109375
1 0.68515625 0.346875 0.0234375 0.15390625
1 0.7234375 0.33046875 0.0265625 0.128125
1 0.52265625 0.22109375 0.01640625 0.046875
1 0.6203125 0.2296875 0.0140625 0.028125
1 0.79375 0.26953125 0.02109375 0.05078125
1 0.96953125 0.2796875 0.02578125 0.08515625
1 0.95859375 0.23359375 0.0171875 0.02734375