1 0.25 0.36015625 0.02890625 0.1375
1 0.28125 0.31875 0.02265625 0.07734375
0 0.28515625 0.34453125 0.01328125 0.03984375
1 0.35390625 0.490625 0.06953125 0.23046875
1 0.453125 0.471875 0.05 0.18671875
1 0.21953125 0.2953125 0.02890625 0.11796875
1 0.17109375 0.265625 0.01875 0.04765625
1 0.2046875 0.24296875 0.0109375 0.0359375
1 0.4390625 0.2953125 0.03046875 0.10703125
1 0.52265625 0.22421875 0.0234375 0.03671875
1 0.54609375 0.21015625 0.0140625 0.04765625
1 0.56484375 0.22734375 0.0171875 0.0328125
1 0.690625 0.23515625 0.02109375 0.02734375
1 0.6546875 0.2234375 0.0140625 0.0390625
1 0.71171875 0.22109375 0.015625 0.040625
1 0.8640625 0.28671875 0.025 0.12265625
1 0.8953125 0.3484375 0.03046875 0.05703125
1 0.903125 0.2828125 0.0265625 0.09453125
1 0.9015625 0.23046875 0.0203125 0.02890625