1 0.175 0.23148148148148154 0.153125 0.23148148148148154 0.153125 0.3055555555555556 0.175 0.3055555555555556
1 0.4244791666666667 0.20555555555555566 0.4078125 0.20555555555555566 0.4078125 0.2425925925925927 0.4244791666666667 0.2425925925925927
1 0.6645833333333333 0.24351851851851863 0.6375 0.24351851851851863 0.6375 0.3814814814814816 0.6645833333333333 0.3814814814814816
1 0.7192708333333333 0.22222222222222238 0.703125 0.22222222222222238 0.703125 0.3574074074074075 0.7192708333333333 0.3574074074074075
1 0.6661458333333333 0.20277777777777795 0.6494791666666667 0.20277777777777795 0.6494791666666667 0.2462962962962964 0.6661458333333333 0.2462962962962964
1 0.7171875 0.19351851851851867 0.6973958333333333 0.19351851851851867 0.6973958333333333 0.24722222222222232 0.7171875 0.24722222222222232
1 0.8 0.18518518518518534 0.7833333333333333 0.18518518518518534 0.7833333333333333 0.22222222222222238 0.8 0.22222222222222238
1 0.8208333333333333 0.20277777777777795 0.7989583333333333 0.20277777777777795 0.7989583333333333 0.23981481481481504 0.8208333333333333 0.23981481481481504
1 0.8385416666666666 0.21296296296296313 0.8244791666666667 0.21296296296296313 0.8244791666666667 0.2462962962962965 0.8385416666666666 0.2462962962962965
1 0.9755208333333333 0.22222222222222243 0.9515625 0.22222222222222243 0.9515625 0.3212962962962965 0.9755208333333333 0.3212962962962965
1 0.9770833333333333 0.30462962962962986 0.9427083333333334 0.30462962962962986 0.9427083333333334 0.41574074074074097 0.9770833333333333 0.41574074074074097
0 0.9630208333333333 0.35277777777777797 0.9479166666666666 0.35277777777777797 0.9479166666666666 0.3916666666666669 0.9630208333333333 0.3916666666666669