1 0.21953125 0.3390625 0.0359375 0.1578125
1 0.19296875 0.33984375 0.0265625 0.14453125
1 0.090625 0.26875 0.021875 0.0875
1 0.103125 0.27890625 0.02734375 0.07265625
1 0.2453125 0.27421875 0.03046875 0.09296875
1 0.1671875 0.253125 0.02734375 0.07578125
1 0.3453125 0.28671875 0.01796875 0.046875
1 0.521875 0.2203125 0.01640625 0.04609375
1 0.55703125 0.2203125 0.01640625 0.0453125
1 0.6515625 0.221875 0.0125 0.034375
1 0.7109375 0.22265625 0.01484375 0.03828125
1 0.79375 0.26875 0.0234375 0.0515625
1 0.7515625 0.221875 0.01875 0.04765625
1 0.82421875 0.22734375 0.0171875 0.03515625
1 0.8625 0.31953125 0.04453125 0.07421875
1 0.9140625 0.3515625 0.03671875 0.0765625
1 0.9734375 0.278125 0.0296875 0.08671875
1 0.96015625 0.23515625 0.021875 0.0328125