1 0.08515625 0.5234375 0.0625 0.165625
1 0.21171875 0.34609375 0.03984375 0.13828125
1 0.27734375 0.32109375 0.02734375 0.10703125
1 0.26484375 0.2859375 0.02421875 0.103125
1 0.2328125 0.296875 0.02109375 0.11328125
1 0.22265625 0.3125 0.02265625 0.08515625
1 0.4078125 0.55390625 0.0546875 0.23359375
1 0.3859375 0.44375 0.04453125 0.15078125
0 0.42265625 0.565625 0.0109375 0.02578125
1 0.44609375 0.29375 0.021875 0.10859375
1 0.54765625 0.20625 0.01484375 0.0390625
1 0.65625 0.2234375 0.01484375 0.0390625
1 0.70703125 0.2296875 0.01796875 0.0296875
1 0.7140625 0.21484375 0.009375 0.02890625
1 0.87890625 0.3265625 0.0328125 0.075
1 0.8984375 0.28828125 0.02734375 0.10859375
1 0.94140625 0.23125 0.01953125 0.03125