1 0.834375 0.4055555555555557 0.771875 0.4055555555555557 0.771875 0.6750000000000002 0.834375 0.6750000000000002
1 0.653125 0.2944444444444446 0.625 0.2944444444444446 0.625 0.41111111111111126 0.653125 0.41111111111111126
1 0.07968750000000004 0.32222222222222224 0.02031250000000002 0.32222222222222224 0.020312500000000032 0.5277777777777778 0.07968750000000005 0.5277777777777778
1 0.9828125 0.3416666666666669 0.9453125 0.3416666666666669 0.9453125 0.4222222222222224 0.9828125 0.4222222222222224
1 0.73125 0.2333333333333335 0.7078125 0.2333333333333335 0.7078125 0.3583333333333335 0.73125 0.3583333333333335
1 0.4328125 0.23888888888888896 0.4125 0.23888888888888896 0.4125 0.288888888888889 0.4328125 0.288888888888889
1 0.58125 0.23888888888888904 0.5640625 0.23888888888888904 0.5640625 0.3194444444444446 0.58125 0.3194444444444446
1 0.3265625 0.21666666666666676 0.3015625 0.21666666666666676 0.3015625 0.31111111111111117 0.3265625 0.31111111111111117
1 0.84375 0.23888888888888904 0.821875 0.23888888888888904 0.821875 0.3194444444444446 0.84375 0.3194444444444446
1 0.840625 0.21388888888888904 0.8234375 0.21388888888888904 0.8234375 0.24722222222222237 0.840625 0.24722222222222237
1 1 0.2916666666666669 0.975 0.2916666666666669 0.975 0.4305555555555557 1 0.4305555555555557
1 0.540625 0.20277777777777786 0.5234375 0.20277777777777786 0.5234375 0.24444444444444452 0.540625 0.24444444444444452
1 0.803125 0.23888888888888904 0.78125 0.23888888888888904 0.78125 0.29166666666666685 0.803125 0.29166666666666685
1 0.4875 0.2583333333333334 0.4671875 0.2583333333333334 0.4671875 0.31944444444444453 0.4875 0.31944444444444453
1 0.17031250000000003 0.2861111111111111 0.1375 0.2861111111111111 0.1375 0.45555555555555555 0.17031250000000003 0.45555555555555555
1 0.7203125 0.20000000000000015 0.70625 0.20000000000000015 0.70625 0.2444444444444446 0.7203125 0.2444444444444446
0 0.803125 0.5000000000000001 0.7859375 0.5000000000000001 0.7859375 0.5361111111111113 0.803125 0.5361111111111113
0 0.6359375 0.3333333333333335 0.625 0.3333333333333335 0.625 0.3666666666666668 0.6359375 0.3666666666666668
1 0.41875 0.21388888888888896 0.396875 0.21388888888888896 0.396875 0.25000000000000006 0.41875 0.25000000000000006