1 0.65625 0.5138888888888891 0.6078125 0.5138888888888891 0.6078125 0.8027777777777778 0.65625 0.8027777777777778
1 0.5234375 0.313888888888889 0.4875 0.313888888888889 0.4875 0.502777777777778 0.5234375 0.502777777777778
1 0.6640625 0.22500000000000014 0.6390625 0.22500000000000014 0.6390625 0.35000000000000014 0.6640625 0.35000000000000014
1 0.05937500000000003 0.3388888888888889 0.0015625000000000235 0.3388888888888889 0.0015625000000000304 0.5444444444444444 0.059375000000000046 0.5444444444444444
1 0.5703125 0.23611111111111127 0.55 0.23611111111111127 0.55 0.3166666666666668 0.5703125 0.3166666666666668
1 0.5203125 0.20555555555555563 0.5046875 0.20555555555555563 0.5046875 0.24166666666666675 0.5203125 0.24166666666666675
1 0.8421875 0.23888888888888904 0.821875 0.23888888888888904 0.821875 0.3250000000000002 0.8421875 0.3250000000000002
1 0.459375 0.313888888888889 0.421875 0.313888888888889 0.421875 0.4694444444444446 0.459375 0.4694444444444446
1 0.4953125 0.2944444444444445 0.4703125 0.2944444444444445 0.4703125 0.4416666666666668 0.4953125 0.4416666666666668
1 0.1875 0.22222222222222227 0.1609375 0.2222222222222222 0.1609375 0.3055555555555556 0.1875 0.30555555555555564
1 0.4734375 0.24444444444444452 0.4515625 0.24444444444444452 0.4515625 0.35555555555555574 0.4734375 0.35555555555555574
1 0.7671875 0.22222222222222238 0.7421875 0.22222222222222238 0.7421875 0.30000000000000016 0.7671875 0.30000000000000016
1 0.8703125 0.21388888888888904 0.85625 0.21388888888888904 0.85625 0.24722222222222237 0.8703125 0.24722222222222237
1 0.884375 0.2166666666666668 0.8671875 0.2166666666666668 0.8671875 0.24722222222222237 0.884375 0.24722222222222237
0 0.7484375 0.6361111111111113 0.728125 0.6361111111111113 0.728125 0.6722222222222224 0.7484375 0.6722222222222224
0 0.515625 0.3666666666666668 0.5046875 0.3666666666666668 0.5046875 0.40000000000000013 0.515625 0.40000000000000013
0 0.484375 0.37777777777777793 0.475 0.37777777777777793 0.475 0.41111111111111126 0.484375 0.41111111111111126
0 0.5046875 0.32777777777777783 0.496875 0.32777777777777783 0.496875 0.3472222222222223 0.5046875 0.3472222222222223
1 0.721875 0.20000000000000015 0.7046875 0.20000000000000015 0.7046875 0.24722222222222237 0.721875 0.24722222222222237