1 0.196875 0.3546875 0.0328125 0.153125
1 0.21484375 0.30078125 0.02734375 0.12265625
1 0.1515625 0.27421875 0.0171875 0.059375
1 0.1109375 0.30078125 0.0203125 0.0625
1 0.02265625 0.41640625 0.04453125 0.1140625
0 0.05078125 0.49375 0.0234375 0.059375
1 0.35859375 0.5171875 0.06640625 0.240625
1 0.41953125 0.33828125 0.028125 0.1203125
1 0.40234375 0.2859375 0.0203125 0.06875
1 0.65546875 0.33828125 0.02265625 0.13515625
1 0.68203125 0.30859375 0.0140625 0.1140625
1 0.82265625 0.22734375 0.01640625 0.034375
1 0.83359375 0.27578125 0.0203125 0.09140625
1 0.928125 0.34609375 0.0390625 0.096875
1 0.9640625 0.3609375 0.03828125 0.10546875
1 0.984375 0.26484375 0.02578125 0.078125
1 0.93125 0.2703125 0.028125 0.0671875
1 0.909375 0.2296875 0.021875 0.03046875