1 0.65 0.23611111111111127 0.625 0.23611111111111127 0.625 0.3861111111111113 0.65 0.3861111111111113
1 0.4078125 0.46388888888888896 0.346875 0.4638888888888889 0.34687500000000004 0.7305555555555555 0.4078125 0.7305555555555555
1 0.56875 0.31666666666666676 0.5328125 0.31666666666666676 0.5328125 0.4083333333333335 0.56875 0.4083333333333335
1 0.06406250000000004 0.3388888888888889 0.01562500000000002 0.3388888888888889 0.01562500000000003 0.5444444444444444 0.06406250000000005 0.5444444444444444
1 0.428125 0.4277777777777779 0.3828125 0.4277777777777779 0.38281250000000006 0.6638888888888891 0.428125 0.6638888888888891
1 0.428125 0.23888888888888896 0.409375 0.23888888888888896 0.409375 0.29166666666666674 0.428125 0.29166666666666674
1 0.2640625 0.21944444444444453 0.2359375 0.21944444444444453 0.2359375 0.31666666666666676 0.2640625 0.31666666666666676
1 0.9859375 0.23333333333333356 0.953125 0.23333333333333356 0.953125 0.3194444444444447 0.9859375 0.3194444444444447
1 0.5828125 0.2333333333333335 0.5640625 0.2333333333333335 0.5640625 0.3194444444444446 0.5828125 0.3194444444444446
1 0.9984375 0.3333333333333336 0.9453125 0.3333333333333336 0.9453125 0.4361111111111113 0.9984375 0.4361111111111113
1 0.9421875 0.2805555555555558 0.9046875 0.2805555555555557 0.9046875 0.38333333333333347 0.9421875 0.38333333333333347
1 0.4875 0.2583333333333334 0.4625 0.2583333333333334 0.4625 0.3472222222222223 0.4875 0.3472222222222223
1 0.8453125 0.23888888888888904 0.821875 0.23888888888888904 0.821875 0.32222222222222235 0.8453125 0.32222222222222235
1 0.915625 0.22222222222222243 0.8859375 0.22222222222222238 0.8859375 0.3166666666666669 0.915625 0.31666666666666693
1 0.7640625 0.2333333333333335 0.746875 0.2333333333333335 0.746875 0.28888888888888903 0.7640625 0.28888888888888903
1 0.5203125 0.3583333333333335 0.4796875 0.3583333333333335 0.4796875 0.5222222222222224 0.5203125 0.5222222222222224
1 0.66875 0.20000000000000015 0.65 0.20000000000000015 0.65 0.24166666666666684 0.66875 0.24166666666666684