1 0.5484375 0.5222222222222224 0.4953125 0.5222222222222224 0.4953125 0.8222222222222222 0.5484375 0.8222222222222222
1 0.07343750000000003 0.33611111111111114 0.025000000000000022 0.33611111111111114 0.02500000000000003 0.5472222222222223 0.07343750000000004 0.5472222222222223
1 0.66875 0.6250000000000001 0.56875 0.6250000000000001 0.56875 0.9916666666666667 0.66875 0.9916666666666667
1 0.290625 0.21388888888888896 0.25625 0.21388888888888896 0.25625 0.31666666666666676 0.290625 0.31666666666666676
1 0.65625 0.23611111111111127 0.6296875 0.23611111111111127 0.6296875 0.3694444444444446 0.65625 0.3694444444444446
1 0.4921875 0.3000000000000001 0.4515625 0.3000000000000001 0.4515625 0.4555555555555557 0.4921875 0.4555555555555557
1 0.428125 0.23888888888888896 0.409375 0.23888888888888896 0.409375 0.29166666666666674 0.428125 0.29166666666666674
1 0.915625 0.2388888888888891 0.88125 0.23888888888888904 0.88125 0.3666666666666668 0.915625 0.3666666666666668
1 0.890625 0.29166666666666685 0.8609375 0.29166666666666685 0.8609375 0.36111111111111127 0.890625 0.36111111111111127
1 0.9421875 0.2166666666666669 0.925 0.2166666666666669 0.925 0.2500000000000002 0.9421875 0.2500000000000002
1 0.4484375 0.21944444444444453 0.425 0.21944444444444453 0.425 0.25000000000000006 0.4484375 0.25000000000000006
1 0.4703125 0.2527777777777779 0.44375 0.2527777777777779 0.44375 0.38333333333333347 0.4703125 0.38333333333333347
1 0.5328125 0.20000000000000007 0.50625 0.20000000000000007 0.50625 0.2472222222222223 0.5328125 0.2472222222222223
1 0.71875 0.19722222222222238 0.7015625 0.19722222222222238 0.7015625 0.24722222222222237 0.71875 0.24722222222222237
1 0.6640625 0.29166666666666685 0.6375 0.29166666666666685 0.6375 0.4277777777777779 0.6640625 0.4277777777777779
1 0.846875 0.23611111111111127 0.821875 0.23611111111111127 0.821875 0.3333333333333335 0.846875 0.3333333333333335
1 0.7625 0.24722222222222237 0.7484375 0.24722222222222237 0.7484375 0.2944444444444446 0.7625 0.2944444444444446
1 0.7796875 0.25833333333333347 0.7578125 0.25833333333333347 0.7578125 0.30000000000000016 0.7796875 0.30000000000000016
1 0.98125 0.31111111111111134 0.9421875 0.31111111111111134 0.9421875 0.4277777777777779 0.98125 0.4277777777777779