1 0.04765625 0.45703125 0.05234375 0.18125
1 0.165625 0.39296875 0.03515625 0.2015625
1 0.24375 0.35859375 0.0328125 0.14921875
1 0.29453125 0.303125 0.02734375 0.096875
1 0.3 0.27578125 0.0265625 0.0703125
1 0.20390625 0.28046875 0.0109375 0.07109375
1 0.52265625 0.2203125 0.0171875 0.046875
1 0.72734375 0.47421875 0.04765625 0.2171875
1 0.83046875 0.5140625 0.053125 0.234375
1 0.97109375 0.609375 0.05703125 0.290625
1 0.90546875 0.32421875 0.03046875 0.1015625
1 0.88046875 0.3171875 0.02265625 0.08359375
1 0.903125 0.259375 0.01953125 0.0625
1 0.92109375 0.27109375 0.021875 0.0765625
1 0.690625 0.2328125 0.01875 0.0234375
1 0.68671875 0.225 0.0109375 0.0328125
1 0.7875 0.203125 0.0109375 0.0265625
1 0.81640625 0.2296875 0.01640625 0.02890625
1 0.87109375 0.23046875 0.021875 0.0328125
1 0.5578125 0.21484375 0.01171875 0.05234375