1 0.06406250000000004 0.3416666666666667 0.014062500000000023 0.3416666666666667 0.01406250000000003 0.5444444444444444 0.06406250000000005 0.5444444444444444
1 0.8984375 0.2305555555555557 0.8671875 0.2305555555555557 0.8671875 0.3444444444444446 0.8984375 0.3444444444444446
1 0.428125 0.23888888888888896 0.409375 0.23888888888888896 0.409375 0.29166666666666674 0.428125 0.29166666666666674
1 0.625 0.31388888888888905 0.5890625 0.31388888888888905 0.5890625 0.4277777777777779 0.625 0.4277777777777779
1 0.9453125 0.3055555555555558 0.9109375 0.3055555555555558 0.9109375 0.40000000000000013 0.9453125 0.40000000000000013
1 0.6234375 0.2444444444444446 0.603125 0.2444444444444446 0.603125 0.3055555555555557 0.6234375 0.3055555555555557
1 0.415625 0.39166666666666683 0.3671875 0.39166666666666683 0.3671875 0.6083333333333335 0.415625 0.6083333333333335
1 0.775 0.23888888888888904 0.7515625 0.23888888888888904 0.7515625 0.2944444444444446 0.775 0.2944444444444446
1 0.384375 0.38055555555555565 0.3546875 0.38055555555555554 0.3546875 0.5722222222222223 0.384375 0.5722222222222224
1 0.990625 0.23333333333333356 0.959375 0.23333333333333356 0.959375 0.3194444444444447 0.990625 0.3194444444444447
1 0.8453125 0.23888888888888904 0.821875 0.23888888888888904 0.821875 0.3250000000000002 0.8453125 0.3250000000000002
1 0.934375 0.2805555555555558 0.90625 0.2805555555555557 0.90625 0.3500000000000002 0.934375 0.35000000000000026
1 0.4953125 0.3722222222222224 0.4515625 0.3722222222222224 0.4515625 0.4694444444444446 0.4953125 0.4694444444444446
0 0.4796875 0.4638888888888891 0.453125 0.4638888888888891 0.453125 0.5194444444444446 0.4796875 0.5194444444444446
1 0.2625 0.21666666666666676 0.2375 0.21666666666666676 0.2375 0.31944444444444453 0.2625 0.31944444444444453
1 0.75625 0.23611111111111127 0.734375 0.23611111111111127 0.734375 0.2833333333333335 0.75625 0.2833333333333335
1 0.4546875 0.2222222222222223 0.428125 0.2222222222222223 0.428125 0.2472222222222223 0.4546875 0.2472222222222223