1 0.1796875 0.23518518518518525 0.15104166666666666 0.23518518518518525 0.15104166666666666 0.30925925925925923 0.1796875 0.30925925925925923
1 0.4276041666666667 0.21018518518518528 0.409375 0.21018518518518528 0.409375 0.24074074074074084 0.4276041666666667 0.24074074074074084
1 0.628125 0.2055555555555557 0.6098958333333333 0.2055555555555557 0.6098958333333333 0.23796296296296307 0.628125 0.23796296296296307
1 0.5822916666666667 0.23703703703703713 0.5677083333333334 0.23703703703703713 0.5677083333333334 0.31481481481481494 0.5822916666666667 0.31481481481481494
1 0.6578125 0.22129629629629646 0.6307291666666667 0.22129629629629646 0.6307291666666667 0.35462962962962974 0.6578125 0.35462962962962974
1 0.7203125 0.19444444444444461 0.7 0.19444444444444461 0.7 0.25185185185185194 0.7203125 0.25185185185185194
1 0.8208333333333333 0.19722222222222238 0.8020833333333334 0.19722222222222238 0.8020833333333334 0.25092592592592616 0.8208333333333333 0.25092592592592616
1 0.9979166666666667 0.23425925925925947 0.9786458333333333 0.23425925925925947 0.9786458333333333 0.30925925925925946 0.9979166666666667 0.30925925925925946
1 0.9572916666666667 0.21574074074074095 0.9369791666666667 0.21574074074074095 0.9369791666666667 0.25185185185185205 0.9572916666666667 0.25185185185185205
1 0.8432291666666667 0.2157407407407409 0.8208333333333333 0.2157407407407409 0.8208333333333333 0.25555555555555576 0.8432291666666667 0.25555555555555576
1 0.746875 0.2703703703703706 0.7307291666666667 0.2703703703703706 0.7307291666666667 0.2981481481481484 0.746875 0.2981481481481484