1 0.21953125 0.76328125 0.071875 0.2625
1 0.40078125 0.553125 0.0640625 0.2375
1 0.38046875 0.44765625 0.046875 0.153125
1 0.071875 0.46953125 0.059375 0.215625
1 0.18515625 0.4015625 0.04375 0.11171875
1 0.26640625 0.30703125 0.03046875 0.11953125
1 0.3359375 0.27578125 0.0171875 0.03984375
1 0.18125 0.2546875 0.01796875 0.04453125
1 0.4578125 0.29296875 0.0234375 0.11640625
1 0.871875 0.31953125 0.02734375 0.07578125
1 0.76953125 0.25859375 0.01875 0.071875
1 0.89921875 0.2890625 0.028125 0.1078125
1 0.71015625 0.225 0.015625 0.04375
1 0.83046875 0.23203125 0.01875 0.03125
1 0.9640625 0.23359375 0.0234375 0.03515625