1 0.19375000000000003 0.30000000000000004 0.1484375 0.3 0.14843750000000003 0.4861111111111111 0.19375000000000003 0.4861111111111111
1 0.653125 0.2944444444444446 0.6296875 0.2944444444444446 0.6296875 0.41111111111111126 0.653125 0.41111111111111126
1 0.434375 0.23888888888888896 0.4125 0.23888888888888896 0.4125 0.288888888888889 0.434375 0.288888888888889
1 0.578125 0.20833333333333348 0.5578125 0.20833333333333348 0.5578125 0.2444444444444446 0.578125 0.2444444444444446
1 0.9796875 0.26111111111111135 0.95625 0.26111111111111135 0.95625 0.32222222222222247 0.9796875 0.32222222222222247
1 0.8359375 0.21111111111111128 0.8140625 0.21111111111111128 0.8140625 0.24722222222222237 0.8359375 0.24722222222222237
1 0.3359375 0.21388888888888896 0.30625 0.21388888888888896 0.30625 0.2944444444444445 0.3359375 0.2944444444444445
1 0.4875 0.2583333333333334 0.4640625 0.2583333333333334 0.4640625 0.3222222222222223 0.4875 0.3222222222222223
1 0.84375 0.23611111111111127 0.821875 0.23611111111111127 0.821875 0.32222222222222235 0.84375 0.32222222222222235
1 0.16250000000000003 0.28888888888888886 0.1359375 0.28888888888888886 0.13593750000000002 0.45555555555555555 0.16250000000000003 0.45555555555555555
1 0.7671875 0.2555555555555557 0.7390625 0.2555555555555557 0.7390625 0.2944444444444446 0.7671875 0.2944444444444446
1 0.371875 0.24444444444444452 0.35 0.24444444444444452 0.35 0.31111111111111117 0.371875 0.31111111111111117
1 0.4328125 0.21388888888888896 0.4125 0.21388888888888896 0.4125 0.2472222222222223 0.4328125 0.2472222222222223
1 0.5296875 0.18888888888888897 0.5125 0.18888888888888897 0.5125 0.24166666666666675 0.5296875 0.24166666666666675
1 0.6515625 0.24166666666666684 0.634375 0.24166666666666684 0.634375 0.30000000000000016 0.6515625 0.30000000000000016
1 0.66875 0.22777777777777794 0.653125 0.22777777777777794 0.653125 0.3305555555555557 0.66875 0.3305555555555557
1 0.71875 0.19722222222222238 0.7015625 0.19722222222222238 0.7015625 0.24722222222222237 0.71875 0.24722222222222237
0 0.6484375 0.26666666666666683 0.6375 0.26666666666666683 0.6375 0.28611111111111126 0.6484375 0.28611111111111126
0 0.6375 0.34166666666666684 0.628125 0.34166666666666684 0.628125 0.3861111111111113 0.6375 0.3861111111111113