1 0.06250000000000003 0.34444444444444444 0.009375000000000026 0.34444444444444444 0.009375000000000033 0.5444444444444444 0.06250000000000004 0.5444444444444444
1 0.671875 0.5333333333333334 0.6203125 0.5333333333333334 0.6203125 0.8222222222222222 0.671875 0.8222222222222222
1 0.6140625 0.3305555555555557 0.5921875 0.3305555555555557 0.5921875 0.4194444444444446 0.6140625 0.4194444444444446
1 0.8765625 0.26666666666666683 0.8453125 0.26666666666666683 0.8453125 0.3472222222222224 0.8765625 0.3472222222222224
1 0.84375 0.23888888888888904 0.821875 0.23888888888888904 0.821875 0.32222222222222235 0.84375 0.32222222222222235
1 0.759375 0.2444444444444446 0.7390625 0.2444444444444446 0.7390625 0.2944444444444446 0.759375 0.2944444444444446
1 0.428125 0.21388888888888896 0.4125 0.21388888888888896 0.4125 0.2472222222222223 0.428125 0.2472222222222223
1 0.44375 0.2361111111111112 0.425 0.2361111111111112 0.425 0.2944444444444445 0.44375 0.2944444444444445
1 0.4921875 0.29166666666666674 0.4609375 0.29166666666666674 0.4609375 0.4416666666666668 0.4921875 0.4416666666666668
1 0.5046875 0.2861111111111112 0.48125 0.2861111111111112 0.48125 0.4194444444444446 0.5046875 0.4194444444444446
1 0.528125 0.20000000000000007 0.5109375 0.20000000000000007 0.5109375 0.24444444444444452 0.528125 0.24444444444444452
1 0.6625 0.23611111111111127 0.6359375 0.23611111111111127 0.6359375 0.32777777777777795 0.6625 0.32777777777777795
1 0.721875 0.24166666666666684 0.678125 0.24166666666666684 0.678125 0.38333333333333347 0.721875 0.38333333333333347
1 0.665625 0.31388888888888905 0.634375 0.31388888888888905 0.634375 0.3805555555555557 0.665625 0.3805555555555557
1 0.8125 0.21111111111111128 0.796875 0.21111111111111128 0.796875 0.25000000000000017 0.8125 0.25000000000000017
1 0.715625 0.21388888888888904 0.696875 0.21388888888888904 0.696875 0.2444444444444446 0.715625 0.2444444444444446
0 0.759375 0.6333333333333335 0.7265625 0.6333333333333335 0.7265625 0.6805555555555557 0.759375 0.6805555555555557
0 0.490625 0.3694444444444446 0.48125 0.3694444444444446 0.48125 0.3944444444444446 0.490625 0.3944444444444446
0 0.5078125 0.33055555555555566 0.4953125 0.33055555555555566 0.4953125 0.36111111111111127 0.5078125 0.36111111111111127