0 0.0890625 0.64765625 0.0296875 0.13359375
0 0.875 0.8375 0.025 0.0796875
1 0.11015625 0.6828125 0.07578125 0.3015625
1 0.1921875 0.36171875 0.03125 0.1359375
1 0.196875 0.31875 0.02109375 0.07421875
1 0.21875 0.3453125 0.0296875 0.13515625
1 0.23515625 0.321875 0.0234375 0.146875
1 0.24453125 0.27265625 0.015625 0.05
1 0.2828125 0.2921875 0.028125 0.05859375
1 0.275 0.39453125 0.0359375 0.10859375
1 0.115625 0.290625 0.01796875 0.04921875
1 0.83828125 0.74609375 0.07578125 0.26171875
1 0.9078125 0.60078125 0.06484375 0.225
1 0.8171875 0.5328125 0.05390625 0.20390625
1 0.7328125 0.265625 0.025 0.0453125
1 0.7421875 0.225 0.0234375 0.03671875
1 0.6609375 0.228125 0.015625 0.0359375
1 0.6875 0.27109375 0.0203125 0.0609375
1 0.425 0.225 0.015625 0.03671875
1 0.8078125 0.2265625 0.01796875 0.03984375
1 0.82578125 0.23046875 0.01328125 0.03046875
1 0.8296875 0.27734375 0.02109375 0.09140625
1 0.87578125 0.2984375 0.02421875 0.1046875
1 0.8734375 0.23046875 0.0359375 0.0421875