0 0.05234375 0.49140625 0.0265625 0.05703125
0 0.0875 0.56171875 0.021875 0.04375
0 0.35234375 0.4734375 0.0234375 0.05859375
1 0.34921875 0.51328125 0.06484375 0.2328125
1 0.02890625 0.4453125 0.0578125 0.2015625
1 0.18515625 0.359375 0.0390625 0.14921875
1 0.09765625 0.27578125 0.0234375 0.059375
1 0.2296875 0.3015625 0.028125 0.12734375
1 0.29921875 0.3015625 0.02734375 0.0765625
1 0.3203125 0.2703125 0.01953125 0.0515625
1 0.690625 0.31953125 0.02578125 0.13359375
1 0.78515625 0.2640625 0.03203125 0.0625
1 0.753125 0.2265625 0.01640625 0.0328125
1 0.6625 0.2296875 0.01640625 0.028125
1 0.89453125 0.334375 0.0328125 0.06484375
1 0.94765625 0.35546875 0.03046875 0.10078125
1 0.98046875 0.26796875 0.03359375 0.07578125
1 0.9234375 0.28671875 0.025 0.09296875
1 0.90546875 0.2328125 0.0203125 0.034375
1 0.87890625 0.2359375 0.0234375 0.03046875