1 0.73828125 0.68984375 0.06875 0.3
0 0.68828125 0.6640625 0.04375 0.0609375
1 0.34921875 0.403125 0.040625 0.096875
1 0.13671875 0.40703125 0.034375 0.1625
1 0.15546875 0.37734375 0.034375 0.1625
1 0.21875 0.3015625 0.03046875 0.1296875
1 0.15 0.2796875 0.021875 0.0625
1 0.278125 0.253125 0.02890625 0.04921875
1 0.303125 0.275 0.0234375 0.07109375
1 0.4265625 0.31640625 0.03046875 0.13984375
1 0.52421875 0.22734375 0.0140625 0.03984375
1 0.6234375 0.21875 0.01796875 0.04609375
1 0.68203125 0.3015625 0.01484375 0.11875
1 0.8046875 0.22265625 0.01484375 0.040625
1 0.81875 0.234375 0.0203125 0.0265625
1 0.834375 0.27109375 0.0234375 0.08203125
1 0.87734375 0.34453125 0.02734375 0.040625
1 0.9296875 0.3796875 0.0359375 0.05859375
1 0.94296875 0.27265625 0.02265625 0.0875
1 0.9015625 0.2328125 0.02265625 0.034375