1 0.80703125 0.67421875 0.0796875 0.284375
0 0.75625 0.6484375 0.03203125 0.05703125
0 0.053125 0.49296875 0.04375 0.0328125
1 0.02109375 0.634375 0.04140625 0.2390625
1 0.0171875 0.44609375 0.034375 0.0765625
0 0.071875 0.484375 0.03515625 0.04765625
1 0.03984375 0.40625 0.0609375 0.12421875
1 0.140625 0.38046875 0.04140625 0.15703125
1 0.071875 0.3234375 0.01875 0.0671875
1 0.2203125 0.30078125 0.03515625 0.13125
1 0.1546875 0.2734375 0.0140625 0.04921875
1 0.29140625 0.3046875 0.021875 0.09921875
1 0.27109375 0.25625 0.02578125 0.059375
1 0.5328125 0.22421875 0.01875 0.0359375
1 0.68359375 0.3046875 0.0140625 0.1125
1 0.659375 0.23125 0.01953125 0.02890625
1 0.8359375 0.22265625 0.01640625 0.0359375
1 0.90625 0.22890625 0.0234375 0.03203125
1 0.86015625 0.29296875 0.02265625 0.0859375
1 0.88671875 0.34453125 0.03125 0.05390625
1 0.92578125 0.37265625 0.03203125 0.0625
1 0.934375 0.29765625 0.025 0.06875