1 0.115625 0.68359375 0.06875 0.2953125
1 0.44296875 0.6171875 0.06171875 0.29765625
1 0.8046875 0.53203125 0.06015625 0.21171875
1 0.809375 0.42578125 0.03828125 0.06640625
1 0.91875 0.2953125 0.025 0.0796875
1 0.87890625 0.2765625 0.021875 0.0609375
1 0.84609375 0.28515625 0.02578125 0.08046875
1 0.8296875 0.275 0.0171875 0.0875
1 0.815625 0.23046875 0.01015625 0.034375
1 0.83359375 0.2234375 0.01484375 0.034375
1 0.18203125 0.35859375 0.0328125 0.14296875
1 0.19921875 0.33203125 0.02890625 0.0953125
1 0.21875 0.32734375 0.0234375 0.12265625
1 0.23359375 0.31328125 0.03125 0.13515625
1 0.24453125 0.29453125 0.01953125 0.09921875
1 0.284375 0.3078125 0.0234375 0.08359375
1 0.1515625 0.2796875 0.01875 0.05703125
1 0.425 0.228125 0.01640625 0.0359375
1 0.5125 0.3 0.0203125 0.1109375
1 0.546875 0.2875 0.02109375 0.05703125
1 0.6859375 0.30703125 0.01953125 0.121875
0 0.46953125 0.65234375 0.01953125 0.07421875
1 0.74375 0.22265625 0.01875 0.03828125