1 0.778125 0.6859375 0.084375 0.26875
0 0.72890625 0.6609375 0.03984375 0.0625
1 0.08515625 0.51328125 0.0671875 0.20625
1 0.06015625 0.4546875 0.0234375 0.14140625
1 0.0375 0.40859375 0.0359375 0.12421875
1 0.153125 0.37734375 0.03828125 0.15703125
1 0.21796875 0.3 0.03125 0.12734375
1 0.15625 0.26953125 0.01640625 0.05
1 0.26875 0.24375 0.021875 0.04375
1 0.2921875 0.30390625 0.0234375 0.08828125
1 0.5546875 0.28203125 0.01640625 0.06484375
1 0.5328125 0.22734375 0.0203125 0.03984375
1 0.68125 0.3078125 0.01640625 0.11796875
1 0.89375 0.3515625 0.03359375 0.05546875
1 0.92734375 0.3734375 0.02890625 0.059375
1 0.953125 0.28984375 0.02421875 0.05859375
1 0.975 0.26796875 0.01796875 0.078125
1 0.85234375 0.2875 0.02109375 0.1015625
1 0.90625 0.23203125 0.021875 0.03046875
1 0.83984375 0.2234375 0.01796875 0.0421875
1 0.80625 0.22890625 0.01328125 0.03203125
1 0.6609375 0.2296875 0.01640625 0.0328125