1 0.759375 0.3765625000000001 0.7125 0.3765625000000001 0.7125 0.5859375000000001 0.759375 0.5859375000000002
1 0.996875 0.3531250000000001 0.95625 0.3531250000000001 0.95625 0.43750000000000017 0.996875 0.43750000000000017
1 0.975 0.2328125000000001 0.95625 0.2328125000000001 0.95625 0.3046875000000001 0.975 0.3046875000000001
1 0.9875 0.2171875000000001 0.9703125 0.2171875000000001 0.9703125 0.2453125000000001 0.9875 0.2453125000000001
1 0.915625 0.22031250000000008 0.890625 0.22031250000000008 0.890625 0.3468750000000001 0.915625 0.3468750000000001
1 0.896875 0.2296875000000001 0.8703125 0.2296875000000001 0.8703125 0.3515625000000001 0.896875 0.3515625000000001
1 0.8046875 0.2328125000000001 0.771875 0.2328125000000001 0.771875 0.2968750000000001 0.8046875 0.2968750000000001
1 0.815625 0.23593750000000008 0.7984375 0.23593750000000008 0.7984375 0.2968750000000001 0.815625 0.2968750000000001
1 0.890625 0.2140625000000001 0.8640625 0.2140625000000001 0.8640625 0.2484375000000001 0.890625 0.2484375000000001
1 0.703125 0.2484375000000001 0.678125 0.2484375000000001 0.678125 0.3656250000000001 0.703125 0.3656250000000001
1 0.29375 0.2171875 0.271875 0.2171875 0.271875 0.321875 0.29375 0.321875