1 0.25 0.359375 0.0296875 0.1359375
1 0.28203125 0.3171875 0.02265625 0.07890625
0 0.28515625 0.3453125 0.01328125 0.04140625
1 0.2125 0.27109375 0.0234375 0.0953125
1 0.13203125 0.2484375 0.0125 0.02734375
1 0.353125 0.4921875 0.06875 0.22578125
1 0.4796875 0.45234375 0.05390625 0.18984375
0 0.4921875 0.4484375 0.01484375 0.053125
1 0.43984375 0.2953125 0.0296875 0.10625
1 0.5140625 0.228125 0.01640625 0.03125
1 0.5453125 0.21328125 0.01484375 0.0515625
1 0.659375 0.22265625 0.0171875 0.03984375
1 0.690625 0.23515625 0.01796875 0.02109375
1 0.71015625 0.21953125 0.01171875 0.04140625
1 0.8953125 0.3484375 0.03046875 0.05859375
1 0.8578125 0.2796875 0.01796875 0.103125
1 0.90390625 0.284375 0.02578125 0.096875
1 0.86640625 0.2296875 0.01484375 0.03203125
1 0.9015625 0.23125 0.0171875 0.03359375