1 0.6057291666666667 0.23055555555555568 0.5932291666666667 0.23055555555555565 0.5932291666666667 0.2916666666666668 0.6057291666666667 0.2916666666666668
1 0.5875 0.23703703703703713 0.5729166666666666 0.23703703703703713 0.5729166666666666 0.3101851851851853 0.5875 0.3101851851851853
1 0.17447916666666666 0.23796296296296296 0.14791666666666667 0.23796296296296296 0.14791666666666667 0.3 0.17447916666666666 0.3
1 0.43125 0.2027777777777779 0.4046875 0.2027777777777779 0.4046875 0.2462962962962964 0.43125 0.2462962962962964
1 0.9817708333333334 0.2287037037037039 0.9651041666666667 0.2287037037037039 0.9651041666666667 0.3259259259259261 0.9817708333333334 0.3259259259259261
1 0.7536458333333333 0.2712962962962965 0.7411458333333333 0.2712962962962965 0.7411458333333333 0.29166666666666685 0.7536458333333333 0.29166666666666685
1 0.8171875 0.1907407407407409 0.7973958333333333 0.1907407407407409 0.7973958333333333 0.252777777777778 0.8171875 0.252777777777778
1 0.8458333333333333 0.21481481481481499 0.8296875 0.21481481481481499 0.8296875 0.252777777777778 0.8458333333333333 0.252777777777778
1 0.8822916666666667 0.21851851851851872 0.8645833333333334 0.21851851851851872 0.8645833333333334 0.25370370370370393 0.8822916666666667 0.25370370370370393
1 0.7177083333333333 0.20277777777777795 0.6994791666666667 0.20277777777777795 0.6994791666666667 0.24907407407407417 0.7177083333333333 0.24907407407407417
1 0.6328125 0.2009259259259261 0.6145833333333334 0.2009259259259261 0.6145833333333334 0.24444444444444455 0.6328125 0.24444444444444455