1 0.7625 0.55625 0.06171875 0.2734375
1 0.8109375 0.46328125 0.04921875 0.2140625
0 0.8 0.45546875 0.02734375 0.0625
0 0.1171875 0.4640625 0.0265625 0.04765625
0 0.08125 0.5625 0.028125 0.040625
1 0.11328125 0.428125 0.03984375 0.19453125
1 0.04140625 0.44453125 0.05 0.1984375
1 0.21328125 0.35078125 0.028125 0.12734375
1 0.21875 0.29765625 0.03046875 0.12421875
1 0.165625 0.26953125 0.02421875 0.053125
1 0.33515625 0.28359375 0.01640625 0.040625
1 0.68359375 0.30546875 0.01484375 0.11875
1 0.66015625 0.23125 0.015625 0.03203125
1 0.51015625 0.22421875 0.0203125 0.03828125
1 0.9265625 0.28671875 0.028125 0.08828125
1 0.95078125 0.28125 0.01875 0.078125
1 0.98359375 0.29375 0.021875 0.05
1 0.98125 0.25625 0.0171875 0.04375
1 0.96328125 0.23203125 0.02109375 0.0328125