1 0.01875 0.36640625 0.0203125 0.09140625
1 0.0703125 0.3359375 0.01328125 0.04921875
1 0.1921875 0.3421875 0.02890625 0.13984375
1 0.20703125 0.32890625 0.0328125 0.1453125
1 0.25625 0.34140625 0.0234375 0.13046875
1 0.2109375 0.25859375 0.02421875 0.06875
1 0.27265625 0.2734375 0.02578125 0.0875
1 0.42421875 0.33828125 0.02578125 0.140625
0 0.4296875 0.31015625 0.01484375 0.040625
1 0.51875 0.2203125 0.015625 0.04609375
1 0.709375 0.29765625 0.028125 0.1109375
1 0.709375 0.221875 0.01484375 0.0390625
1 0.79609375 0.2203125 0.0171875 0.0453125
1 0.81875 0.2265625 0.025 0.0375
1 0.83671875 0.228125 0.0140625 0.03359375
1 0.90546875 0.23203125 0.01953125 0.02578125
1 0.96875 0.27578125 0.03359375 0.07890625
1 0.95703125 0.23515625 0.0234375 0.03046875