1 0.17031250000000003 0.2861111111111111 0.1359375 0.2861111111111111 0.13593750000000002 0.45555555555555555 0.17031250000000003 0.45555555555555555
1 0.2234375 0.2805555555555556 0.1796875 0.28055555555555556 0.17968750000000003 0.45 0.2234375 0.45
1 0.4328125 0.23888888888888896 0.4109375 0.23888888888888896 0.4109375 0.288888888888889 0.4328125 0.288888888888889
1 0.653125 0.28611111111111126 0.625 0.28611111111111126 0.625 0.4083333333333335 0.653125 0.4083333333333335
1 0.796875 0.25833333333333347 0.778125 0.25833333333333347 0.778125 0.2944444444444446 0.796875 0.2944444444444446
1 0.3375 0.23055555555555562 0.30625 0.23055555555555562 0.30625 0.31111111111111117 0.3375 0.31111111111111117
1 0.834375 0.21111111111111128 0.8140625 0.21111111111111128 0.8140625 0.24722222222222237 0.834375 0.24722222222222237
1 0.584375 0.21388888888888904 0.56875 0.21388888888888904 0.56875 0.2444444444444446 0.584375 0.2444444444444446
1 0.715625 0.2055555555555557 0.7046875 0.2055555555555557 0.7046875 0.2444444444444446 0.715625 0.2444444444444446
1 0.846875 0.23611111111111127 0.821875 0.23611111111111127 0.821875 0.3027777777777779 0.846875 0.3027777777777779
1 0.4875 0.2583333333333334 0.465625 0.2583333333333334 0.465625 0.31944444444444453 0.4875 0.31944444444444453
1 0.6515625 0.23888888888888904 0.6328125 0.23888888888888904 0.6328125 0.2944444444444446 0.6515625 0.2944444444444446
1 0.93125 0.26111111111111135 0.9078125 0.26111111111111135 0.9078125 0.30833333333333357 0.93125 0.30833333333333357
1 0.44375 0.2222222222222223 0.421875 0.2222222222222223 0.421875 0.2472222222222223 0.44375 0.2472222222222223
1 0.5296875 0.1972222222222223 0.5078125 0.1972222222222223 0.5078125 0.24166666666666675 0.5296875 0.24166666666666675
1 0.6703125 0.22777777777777794 0.65625 0.22777777777777794 0.65625 0.3166666666666668 0.6703125 0.3166666666666668