1 0.27734375 0.77265625 0.084375 0.3796875
1 0.228125 0.69609375 0.059375 0.3328125
1 0.025 0.56953125 0.05 0.253125
1 0.0265625 0.459375 0.053125 0.175
1 0.134375 0.39140625 0.03515625 0.16015625
1 0.1609375 0.39453125 0.0359375 0.19765625
1 0.21640625 0.275 0.03203125 0.0890625
1 0.315625 0.265625 0.01796875 0.08828125
1 0.30390625 0.26796875 0.0140625 0.07421875
1 0.29296875 0.24921875 0.0078125 0.01484375
0 0.31953125 0.2484375 0.00859375 0.021875
1 0.5296875 0.26796875 0.0265625 0.05625
1 0.72421875 0.27265625 0.03671875 0.0515625
1 0.7046875 0.26953125 0.0203125 0.0625
1 0.52421875 0.225 0.0140625 0.0375
1 0.56484375 0.23125 0.0203125 0.0296875
1 0.68984375 0.23046875 0.01875 0.03203125
1 0.8375 0.30234375 0.0234375 0.05078125
1 0.85703125 0.30078125 0.03515625 0.08046875
1 0.92421875 0.28515625 0.03046875 0.09296875
1 0.79609375 0.2171875 0.01640625 0.0390625
1 0.82109375 0.2265625 0.02578125 0.0390625
1 0.87109375 0.2296875 0.025 0.0359375
1 0.96640625 0.74609375 0.0671875 0.3609375