1 0.13359375 0.3984375 0.03125 0.15625
1 0.15625 0.3796875 0.03046875 0.16640625
1 0.2171875 0.30234375 0.0296875 0.128125
1 0.1375 0.26953125 0.028125 0.04765625
1 0.296875 0.28203125 0.015625 0.09921875
1 0.27578125 0.25234375 0.02265625 0.0421875
1 0.3484375 0.28046875 0.02734375 0.06640625
1 0.6046875 0.709375 0.05546875 0.31484375
0 0.6265625 0.7109375 0.02890625 0.0671875
1 0.50859375 0.43125 0.059375 0.16640625
1 0.51328125 0.23046875 0.02109375 0.03203125
1 0.6828125 0.3046875 0.01328125 0.12265625
1 0.840625 0.27890625 0.01953125 0.10546875
1 0.834375 0.23046875 0.01796875 0.03203125
1 0.80703125 0.23203125 0.0203125 0.0328125
1 0.884375 0.346875 0.0296875 0.0515625
1 0.953125 0.39375 0.03359375 0.05703125
1 0.94375 0.2671875 0.01953125 0.0796875
1 0.9734375 0.28515625 0.02109375 0.05703125
1 0.90546875 0.2296875 0.02421875 0.0328125