1 0.071875 0.6625 0.06328125 0.30703125
0 0.11171875 0.47265625 0.028125 0.059375
1 0.109375 0.428125 0.04921875 0.19140625
1 0.0328125 0.42734375 0.065625 0.1640625
1 0.1640625 0.3796875 0.0390625 0.15859375
1 0.15390625 0.2734375 0.02265625 0.0515625
1 0.2234375 0.29921875 0.03359375 0.12421875
1 0.4625 0.36328125 0.034375 0.15703125
1 0.75 0.5015625 0.04921875 0.23828125
1 0.7171875 0.328125 0.025 0.12421875
1 0.69609375 0.3171875 0.03203125 0.12421875
1 0.92421875 0.3453125 0.0359375 0.0953125
1 0.88984375 0.303125 0.02265625 0.11875
1 0.92421875 0.27734375 0.03046875 0.07578125
1 0.96953125 0.2375 0.0234375 0.03828125
1 0.9796875 0.275 0.0234375 0.0875
1 0.659375 0.23046875 0.01875 0.0328125