1 0.709375 0.2944444444444446 0.6734375 0.2944444444444446 0.6734375 0.4694444444444446 0.709375 0.4694444444444446
1 0.06250000000000003 0.34444444444444444 0.010937500000000025 0.34444444444444444 0.010937500000000032 0.5444444444444444 0.06250000000000004 0.5444444444444444
1 0.6734375 0.5416666666666669 0.6234375 0.5416666666666669 0.6234375 0.8222222222222222 0.6734375 0.8222222222222222
1 0.425 0.23888888888888896 0.4046875 0.23888888888888896 0.4046875 0.2972222222222223 0.425 0.2972222222222223
1 0.6609375 0.23888888888888904 0.6296875 0.23888888888888904 0.6296875 0.3694444444444446 0.6609375 0.3694444444444446
1 0.490625 0.288888888888889 0.4625 0.288888888888889 0.4625 0.43888888888888905 0.490625 0.43888888888888905
1 0.44375 0.21666666666666676 0.4234375 0.21666666666666676 0.4234375 0.24444444444444452 0.44375 0.24444444444444452
1 0.771875 0.24166666666666684 0.7421875 0.24166666666666684 0.7421875 0.29166666666666685 0.771875 0.29166666666666685
1 0.5046875 0.288888888888889 0.4796875 0.288888888888889 0.4796875 0.4305555555555557 0.5046875 0.4305555555555557
1 0.8640625 0.27500000000000013 0.8296875 0.27500000000000013 0.8296875 0.34166666666666684 0.8640625 0.34166666666666684
1 0.834375 0.24166666666666684 0.8125 0.24166666666666684 0.8125 0.3194444444444446 0.834375 0.3194444444444446
1 0.265625 0.2111111111111112 0.24375 0.2111111111111112 0.24375 0.31666666666666676 0.265625 0.31666666666666676
1 0.5296875 0.1972222222222223 0.5109375 0.1972222222222223 0.5109375 0.2472222222222223 0.5296875 0.2472222222222223
1 0.5484375 0.188888888888889 0.5328125 0.18888888888888897 0.5328125 0.23611111111111122 0.5484375 0.23611111111111127
1 0.5875 0.19444444444444461 0.571875 0.19444444444444461 0.571875 0.24166666666666684 0.5875 0.24166666666666684
0 0.7546875 0.6388888888888891 0.73125 0.6388888888888891 0.73125 0.6750000000000002 0.7546875 0.6750000000000002
0 0.6296875 0.36111111111111127 0.61875 0.36111111111111127 0.61875 0.39722222222222237 0.6296875 0.39722222222222237
0 0.50625 0.33055555555555566 0.496875 0.33055555555555566 0.496875 0.36111111111111127 0.50625 0.36111111111111127
0 0.4890625 0.3694444444444446 0.4796875 0.3694444444444446 0.4796875 0.39166666666666683 0.4890625 0.39166666666666683