0 0.0796875 0.5625 0.025 0.0421875
0 0.11015625 0.4640625 0.03046875 0.053125
1 0.0375 0.4453125 0.05546875 0.18125
1 0.1421875 0.46796875 0.046875 0.15625
1 0.109375 0.4234375 0.0390625 0.1984375
1 0.20625 0.36875 0.0296875 0.153125
1 0.21640625 0.2984375 0.03046875 0.11796875
1 0.15234375 0.2703125 0.01796875 0.04921875
1 0.56484375 0.36640625 0.02421875 0.08984375
1 0.68359375 0.30546875 0.0140625 0.1109375
1 0.76171875 0.27890625 0.01796875 0.03671875
1 0.80625 0.228125 0.01875 0.0359375
1 0.6125 0.2265625 0.01015625 0.0359375
1 0.89140625 0.32109375 0.02421875 0.096875
1 0.94375 0.35859375 0.03515625 0.08984375
1 0.98125 0.2734375 0.0203125 0.07578125
1 0.984375 0.23203125 0.01328125 0.025
1 0.92421875 0.2734375 0.02890625 0.0609375
1 0.88984375 0.2890625 0.0234375 0.09921875
1 0.85859375 0.30078125 0.0234375 0.08828125
1 0.90859375 0.23046875 0.015625 0.028125