1 0.3765625 0.70234375 0.0890625 0.3421875
1 0.63203125 0.73359375 0.09453125 0.33984375
1 0.0265625 0.4625 0.053125 0.17578125
1 0.1765625 0.37109375 0.0328125 0.17734375
1 0.1640625 0.36953125 0.02734375 0.15
1 0.21796875 0.2734375 0.02734375 0.090625
1 0.29375 0.25078125 0.00859375 0.01640625
1 0.30625 0.26875 0.0140625 0.0734375
1 0.3296875 0.25703125 0.015625 0.07734375
0 0.33203125 0.24453125 0.0109375 0.02421875
1 0.4203125 0.22578125 0.02578125 0.03671875
1 0.521875 0.29453125 0.01484375 0.04296875
1 0.55234375 0.28828125 0.03359375 0.053125
1 0.515625 0.2203125 0.0234375 0.0484375
1 0.65859375 0.22734375 0.0171875 0.0359375
1 0.74453125 0.23515625 0.0296875 0.0296875
1 0.76484375 0.2703125 0.021875 0.0484375
1 0.91640625 0.2890625 0.03046875 0.109375
1 0.79921875 0.2203125 0.021875 0.04765625
1 0.8359375 0.234375 0.015625 0.02265625