0 0.0796875 0.5640625 0.0265625 0.040625
0 0.11640625 0.46328125 0.02890625 0.04921875
1 0.0328125 0.44609375 0.065625 0.1828125
1 0.11328125 0.42421875 0.04140625 0.19296875
1 0.25390625 0.375 0.03203125 0.1546875
1 0.2125 0.35 0.02734375 0.1203125
1 0.2171875 0.29921875 0.03125 0.12578125
1 0.16796875 0.26796875 0.02421875 0.0515625
1 0.7234375 0.45625 0.04765625 0.2171875
1 0.696875 0.4 0.0390625 0.17890625
1 0.6828125 0.30703125 0.01015625 0.11640625
1 0.79609375 0.21328125 0.0234375 0.0421875
1 0.89453125 0.30234375 0.02734375 0.128125
1 0.9234375 0.28671875 0.0265625 0.09296875
1 0.95390625 0.2875 0.02890625 0.0625
1 0.98046875 0.2765625 0.0234375 0.084375
1 0.98515625 0.23046875 0.0140625 0.03046875
1 0.6625 0.23515625 0.015625 0.03828125