1 0.746875 0.3531250000000001 0.703125 0.3531250000000001 0.703125 0.5593750000000001 0.746875 0.5593750000000002
1 0.9875 0.2312500000000001 0.9625 0.2312500000000001 0.9625 0.3203125000000001 0.9875 0.3203125000000001
1 0.9 0.23437500000000008 0.8671875 0.23437500000000008 0.8671875 0.3515625000000001 0.9 0.3515625000000001
1 0.9171875 0.22031250000000008 0.890625 0.22031250000000008 0.890625 0.3468750000000001 0.9171875 0.3468750000000001
1 0.803125 0.23593750000000008 0.7734375 0.23593750000000008 0.7734375 0.2953125000000001 0.803125 0.2953125000000001
1 0.8140625 0.2375000000000001 0.7984375 0.2375000000000001 0.7984375 0.29375000000000007 0.8140625 0.29375000000000007
1 0.703125 0.2500000000000001 0.678125 0.2500000000000001 0.678125 0.3625000000000001 0.703125 0.3625000000000001
1 0.8890625 0.2156250000000001 0.86875 0.2156250000000001 0.86875 0.2500000000000001 0.8890625 0.2500000000000001
1 0.840625 0.21093750000000008 0.8234375 0.21093750000000008 0.8234375 0.2515625000000001 0.840625 0.2515625000000001
1 0.3140625 0.26875 0.2734375 0.26875 0.2734375 0.353125 0.3140625 0.353125
1 0.2921875 0.2203125 0.2734375 0.2203125 0.2734375 0.3 0.2921875 0.3