1 0.7953125 0.3694444444444446 0.7484375 0.3694444444444446 0.7484375 0.6055555555555557 0.7953125 0.6055555555555557
1 0.17031250000000003 0.2861111111111111 0.1375 0.2861111111111111 0.1375 0.45555555555555555 0.17031250000000003 0.45555555555555555
1 0.09218750000000003 0.325 0.02031250000000002 0.325 0.02031250000000003 0.5222222222222223 0.09218750000000005 0.5222222222222223
1 0.7140625 0.2305555555555557 0.6875 0.2305555555555557 0.6875 0.35555555555555574 0.7140625 0.35555555555555574
1 0.6515625 0.2972222222222224 0.6125 0.2972222222222224 0.6125 0.41111111111111126 0.6515625 0.41111111111111126
1 0.95625 0.34444444444444466 0.9171875 0.34444444444444466 0.9171875 0.4083333333333335 0.95625 0.4083333333333335
1 0.7625 0.23888888888888904 0.7390625 0.23888888888888904 0.7390625 0.29166666666666685 0.7625 0.29166666666666685
1 0.4328125 0.23888888888888896 0.4125 0.23888888888888896 0.4125 0.288888888888889 0.4328125 0.288888888888889
1 0.325 0.21666666666666676 0.3015625 0.21666666666666676 0.3015625 0.31111111111111117 0.325 0.31111111111111117
1 0.5828125 0.23888888888888904 0.5640625 0.23888888888888904 0.5640625 0.3194444444444446 0.5828125 0.3194444444444446
1 0.840625 0.21111111111111128 0.8265625 0.21111111111111128 0.8265625 0.24722222222222237 0.840625 0.24722222222222237
1 0.84375 0.23888888888888904 0.821875 0.23888888888888904 0.821875 0.3194444444444446 0.84375 0.3194444444444446
1 0.4875 0.2583333333333334 0.465625 0.2583333333333334 0.465625 0.3222222222222223 0.4875 0.3222222222222223
1 1 0.2944444444444447 0.9734375 0.2944444444444447 0.9734375 0.4361111111111113 1 0.4361111111111113
1 0.4171875 0.21666666666666676 0.4015625 0.21666666666666676 0.4015625 0.2472222222222223 0.4171875 0.2472222222222223
1 0.534375 0.20277777777777786 0.5125 0.20277777777777786 0.5125 0.2472222222222223 0.534375 0.2472222222222223
1 0.625 0.19722222222222238 0.60625 0.19722222222222238 0.60625 0.2444444444444446 0.625 0.2444444444444446
1 0.71875 0.20000000000000015 0.70625 0.20000000000000015 0.70625 0.24166666666666684 0.71875 0.24166666666666684
0 0.6421875 0.34166666666666684 0.6265625 0.34166666666666684 0.6265625 0.3694444444444446 0.6421875 0.3694444444444446
0 0.78125 0.4361111111111113 0.7640625 0.4361111111111113 0.7640625 0.48055555555555574 0.78125 0.48055555555555574