1 0.409375 0.20925925925925937 0.39895833333333336 0.20925925925925937 0.39895833333333336 0.2462962962962964 0.409375 0.2462962962962964
1 0.44583333333333336 0.23055555555555565 0.42916666666666664 0.23055555555555565 0.42916666666666664 0.2462962962962964 0.44583333333333336 0.2462962962962964
1 0.5604166666666667 0.24074074074074084 0.5364583333333334 0.24074074074074084 0.5364583333333334 0.29444444444444456 0.5604166666666667 0.29444444444444456
1 0.634375 0.2009259259259261 0.6130208333333333 0.2009259259259261 0.6130208333333333 0.2500000000000001 0.634375 0.2500000000000001
1 0.7197916666666667 0.19722222222222238 0.6984375 0.19722222222222238 0.6984375 0.24444444444444455 0.7197916666666667 0.24444444444444455
1 0.8192708333333333 0.19629629629629644 0.8020833333333334 0.19629629629629644 0.8020833333333334 0.24444444444444466 0.8192708333333333 0.24444444444444466
1 0.8385416666666666 0.2120370370370372 0.8286458333333333 0.2120370370370372 0.8286458333333333 0.2500000000000002 0.8385416666666666 0.2500000000000002
1 0.8723958333333334 0.23425925925925947 0.8510416666666667 0.23425925925925947 0.8510416666666667 0.3462962962962965 0.8723958333333334 0.3462962962962965
1 0.95625 0.214814814814815 0.9338541666666667 0.214814814814815 0.9338541666666667 0.2564814814814817 0.95625 0.2564814814814817
1 1 0.23333333333333353 0.9791666666666666 0.23333333333333353 0.9791666666666666 0.31296296296296316 1 0.31296296296296316
1 0.659375 0.20000000000000015 0.646875 0.20000000000000015 0.646875 0.2462962962962964 0.659375 0.2462962962962964