1 0.17031250000000003 0.2861111111111111 0.1375 0.2861111111111111 0.1375 0.45555555555555555 0.17031250000000003 0.45555555555555555
1 0.09531250000000005 0.5 3.444319122601931e-17 0.5 4.5350201780925416e-17 0.8166666666666667 0.09531250000000006 0.8166666666666667
1 0.4328125 0.23888888888888896 0.4125 0.23888888888888896 0.4125 0.288888888888889 0.4328125 0.288888888888889
1 0.3390625 0.21666666666666676 0.3046875 0.21666666666666676 0.3046875 0.2944444444444445 0.3390625 0.2944444444444445
1 0.4875 0.2583333333333334 0.465625 0.2583333333333334 0.465625 0.3222222222222223 0.4875 0.3222222222222223
1 0.628125 0.2805555555555557 0.6109375 0.2805555555555557 0.6109375 0.36388888888888904 0.628125 0.36388888888888904
1 0.5609375 0.26111111111111124 0.5390625 0.2611111111111112 0.5390625 0.31666666666666676 0.5609375 0.3166666666666668
1 0.9296875 0.3222222222222224 0.9015625 0.32222222222222235 0.9015625 0.38888888888888906 0.9296875 0.38888888888888906
1 0.2234375 0.2222222222222223 0.19375 0.2222222222222223 0.19375000000000003 0.35555555555555557 0.2234375 0.35555555555555557
1 0.2296875 0.21944444444444453 0.2078125 0.21944444444444453 0.2078125 0.34166666666666673 0.2296875 0.34166666666666673
1 0.4203125 0.21388888888888896 0.4015625 0.21388888888888896 0.4015625 0.24444444444444452 0.4203125 0.24444444444444452
1 0.53125 0.1972222222222223 0.509375 0.1972222222222223 0.509375 0.24444444444444452 0.53125 0.24444444444444452
1 0.578125 0.21388888888888904 0.559375 0.21388888888888904 0.559375 0.24722222222222237 0.578125 0.24722222222222237
1 0.6265625 0.21388888888888904 0.60625 0.21388888888888904 0.60625 0.25000000000000017 0.6265625 0.25000000000000017
1 0.66875 0.2194444444444446 0.6484375 0.2194444444444446 0.6484375 0.3444444444444446 0.66875 0.3444444444444446
1 0.66875 0.20000000000000015 0.6515625 0.20000000000000015 0.6515625 0.23611111111111127 0.66875 0.23611111111111127
1 0.64375 0.23611111111111127 0.6234375 0.23611111111111127 0.6234375 0.3472222222222224 0.64375 0.3472222222222224
1 0.71875 0.19722222222222238 0.703125 0.19722222222222238 0.703125 0.24722222222222237 0.71875 0.24722222222222237
1 0.846875 0.20833333333333348 0.8296875 0.20833333333333348 0.8296875 0.25000000000000017 0.846875 0.25000000000000017
1 0.8453125 0.23611111111111127 0.825 0.23611111111111127 0.825 0.32222222222222235 0.8453125 0.32222222222222235