1 0.13203125 0.46875 0.04921875 0.14609375
1 0.2234375 0.3359375 0.03203125 0.14375
1 0.26953125 0.32109375 0.028125 0.12265625
1 0.40625 0.55234375 0.05546875 0.2328125
1 0.3890625 0.44375 0.04765625 0.14765625
1 0.2125 0.259375 0.01875 0.0390625
1 0.27890625 0.29140625 0.028125 0.10078125
1 0.44296875 0.29453125 0.02734375 0.11015625
1 0.65859375 0.2265625 0.0171875 0.04140625
1 0.709375 0.23046875 0.0203125 0.02890625
1 0.734375 0.23125 0.0171875 0.02578125
1 0.875 0.32890625 0.03515625 0.065625
1 0.865625 0.28046875 0.021875 0.11640625
1 0.903125 0.2875 0.03046875 0.11015625
1 0.54921875 0.20703125 0.01015625 0.03828125
1 0.7125 0.2203125 0.01171875 0.03671875