1 0.0578125 0.47578125 0.05078125 0.21171875
1 0.25078125 0.3484375 0.02578125 0.12109375
1 0.27890625 0.3265625 0.03203125 0.10078125
0 0.2875 0.33515625 0.01015625 0.034375
1 0.2625 0.26640625 0.015625 0.07734375
0 0.26640625 0.25078125 0.00859375 0.0234375
1 0.25234375 0.24609375 0.0078125 0.0234375
1 0.24140625 0.25 0.00703125 0.01328125
1 0.4390625 0.29609375 0.0296875 0.10625
1 0.41171875 0.22578125 0.025 0.0359375
1 0.53515625 0.22890625 0.015625 0.028125
1 0.67109375 0.36796875 0.04140625 0.12578125
1 0.89296875 0.3296875 0.0328125 0.084375
1 0.83359375 0.2703125 0.021875 0.096875
1 0.65390625 0.22109375 0.0125 0.03984375
1 0.69140625 0.23515625 0.01875 0.01875
1 0.7109375 0.22109375 0.01484375 0.04296875
1 0.79765625 0.215625 0.01484375 0.05078125
1 0.8828125 0.2296875 0.01875 0.03125
1 0.909375 0.2890625 0.025 0.1109375
1 0.93359375 0.23046875 0.0140625 0.03125
0 0.89765625 0.34765625 0.0078125 0.0296875