1 0.08125000000000006 0.3421875 0.023437500000000045 0.3421875 0.023437500000000056 0.54375 0.08125000000000007 0.54375
1 0.16093750000000004 0.3328125 0.12656250000000005 0.3328125 0.12656250000000005 0.50625 0.16093750000000004 0.50625
1 0.2859375 0.215625 0.2546875 0.215625 0.2546875 0.3265625 0.2859375 0.3265625
1 0.378125 0.24843750000000003 0.353125 0.2484375 0.353125 0.31562500000000004 0.378125 0.3156250000000001
1 0.65625 0.2750000000000001 0.61875 0.2750000000000001 0.61875 0.4015625 0.65625 0.4015625
1 0.69375 0.3218750000000001 0.6421875 0.3218750000000001 0.6421875 0.4796875 0.69375 0.4796875
1 0.825 0.1984375000000001 0.8015625 0.1984375000000001 0.8015625 0.2484375000000001 0.825 0.2484375000000001
1 0.884375 0.23437500000000008 0.8625 0.23437500000000008 0.8625 0.3625000000000001 0.884375 0.3625000000000001
1 0.9390625 0.2375000000000001 0.9171875 0.2375000000000001 0.9171875 0.3312500000000001 0.9390625 0.3312500000000001
1 0.990625 0.2140625000000001 0.965625 0.2140625000000001 0.965625 0.2500000000000001 0.990625 0.2500000000000001
1 0.8453125 0.21093750000000008 0.828125 0.21093750000000008 0.828125 0.2500000000000001 0.8453125 0.2500000000000001