1 0.14375 0.7203125 0.0796875 0.29921875
1 0.03671875 0.6125 0.0734375 0.2921875
1 0.02578125 0.4484375 0.05078125 0.1515625
1 0.1734375 0.3734375 0.0375 0.17421875
1 0.15234375 0.37578125 0.02578125 0.153125
0 0.14296875 0.3609375 0.00625 0.025
1 0.21640625 0.27421875 0.03203125 0.08828125
1 0.321875 0.25703125 0.01640625 0.07265625
1 0.30625 0.26875 0.01796875 0.071875
1 0.29296875 0.25 0.00703125 0.0140625
1 0.41796875 0.22421875 0.0296875 0.03828125
1 0.51640625 0.21953125 0.02109375 0.04765625
1 0.659375 0.22265625 0.01640625 0.03828125
1 0.7 0.325 0.0375 0.13203125
1 0.6859375 0.33828125 0.01953125 0.12578125
0 0.68671875 0.33828125 0.00859375 0.015625
1 0.6921875 0.23125 0.021875 0.028125
1 0.7421875 0.26171875 0.0328125 0.04140625
1 0.8015625 0.21953125 0.01953125 0.046875
1 0.89765625 0.328125 0.04140625 0.10546875
1 0.8765625 0.23125 0.0203125 0.028125
1 0.91953125 0.278125 0.03125 0.0859375