1 0.1328125 0.39453125 0.0328125 0.146875
1 0.175 0.36953125 0.04375 0.16015625
1 0.253125 0.29921875 0.03046875 0.128125
1 0.3265625 0.71171875 0.1015625 0.309375
0 0.33828125 0.71015625 0.0375 0.07421875
1 0.31875 0.2671875 0.03046875 0.0765625
1 0.29765625 0.275 0.01875 0.084375
1 0.28046875 0.24765625 0.02109375 0.0421875
1 0.06875 0.31953125 0.015625 0.05390625
1 0.6875 0.39453125 0.02421875 0.15078125
1 0.865625 0.3015625 0.0234375 0.0875
1 0.8921875 0.3515625 0.02734375 0.04765625
1 0.9453125 0.27109375 0.025 0.0875
1 0.90546875 0.2296875 0.021875 0.0359375
1 0.8046875 0.22890625 0.01328125 0.03203125
1 0.83984375 0.2765625 0.0171875 0.07421875
1 0.83671875 0.22734375 0.01796875 0.0265625
1 0.65859375 0.23203125 0.021875 0.0328125
1 0.484375 0.23046875 0.02421875 0.028125
1 0.684375 0.290625 0.0140625 0.08203125