1 0.0625 0.671875 0.06640625 0.290625
0 0.1109375 0.4734375 0.02421875 0.0453125
0 0.0453125 0.415625 0.02578125 0.04765625
1 0.0609375 0.45078125 0.04453125 0.18515625
1 0.10546875 0.42734375 0.05 0.190625
1 0.16328125 0.38046875 0.03515625 0.1546875
1 0.21640625 0.2953125 0.03125 0.13125
1 0.153125 0.2734375 0.0171875 0.0515625
1 0.49921875 0.33359375 0.0328125 0.1375
1 0.71953125 0.4515625 0.04765625 0.20234375
1 0.65625 0.33515625 0.025 0.128125
1 0.63203125 0.31640625 0.02734375 0.12734375
1 0.6828125 0.30546875 0.0125 0.10859375
1 0.58046875 0.2265625 0.015625 0.03984375
1 0.59765625 0.2265625 0.00859375 0.03984375
1 0.89140625 0.3 0.0265625 0.121875
1 0.92265625 0.34453125 0.040625 0.09140625
1 0.925 0.275 0.02890625 0.06328125
1 0.95546875 0.23515625 0.0203125 0.0359375
1 0.984375 0.271875 0.02421875 0.08359375
0 0.0875 0.5625 0.0203125 0.04375