0 0.1578125 0.696875 0.03515625 0.08984375
1 0.1484375 0.71796875 0.08359375 0.28828125
1 0.03359375 0.5 0.05546875 0.2140625
1 0.06796875 0.45546875 0.05390625 0.23671875
1 0.15703125 0.38125 0.0390625 0.14453125
1 0.209375 0.3515625 0.03125 0.12265625
1 0.2734375 0.2609375 0.0234375 0.04375
1 0.296875 0.271875 0.021875 0.08046875
1 0.325 0.25703125 0.025 0.07578125
1 0.334375 0.23125 0.01328125 0.0453125
1 0.659375 0.23125 0.015625 0.03203125
1 0.684375 0.30390625 0.01484375 0.11484375
1 0.76640625 0.221875 0.02578125 0.0453125
1 0.7484375 0.2765625 0.02578125 0.03671875
1 0.8390625 0.278125 0.01640625 0.09296875
1 0.8125 0.2359375 0.0203125 0.02265625
1 0.83984375 0.22890625 0.01015625 0.02890625
1 0.90546875 0.35859375 0.03671875 0.05546875
1 0.946875 0.26953125 0.02890625 0.084375
1 0.89453125 0.23203125 0.0171875 0.0359375