1 0.85 0.6953125 0.109375 0.31015625
1 0.03984375 0.45703125 0.05625 0.17421875
1 0.171875 0.4015625 0.04609375 0.11328125
0 0.159375 0.44296875 0.0125 0.02734375
1 0.165625 0.3421875 0.0328125 0.09609375
1 0.2453125 0.31328125 0.025 0.09921875
1 0.28671875 0.2875 0.02109375 0.11171875
1 0.321875 0.26640625 0.021875 0.05390625
1 0.340625 0.265625 0.0171875 0.08671875
1 0.25859375 0.246875 0.01875 0.04765625
1 0.26953125 0.24921875 0.009375 0.034375
1 0.72578125 0.40078125 0.0390625 0.17421875
1 0.53828125 0.2640625 0.01953125 0.05390625
1 0.5234375 0.22109375 0.0171875 0.04609375
1 0.5625 0.2296875 0.015625 0.0265625
1 0.81640625 0.23046875 0.01640625 0.03359375
1 0.9 0.32109375 0.02421875 0.11015625
1 0.88359375 0.31328125 0.0203125 0.09140625
1 0.87421875 0.2875 0.02109375 0.1265625
1 0.92265625 0.26953125 0.028125 0.071875
1 0.8890625 0.23671875 0.0109375 0.01640625