1 0.3156250000000001 0.5703125 0.2296875000000001 0.5703125 0.2296875000000001 0.8984375 0.3156250000000001 0.8984375
0 0.3000000000000001 0.71875 0.27812500000000007 0.71875 0.27812500000000007 0.7640625 0.3000000000000001 0.7640625
0 0.2640625000000001 0.6765625 0.2171875000000001 0.6765625 0.2171875000000001 0.728125 0.2640625000000001 0.728125
1 0.9953125 0.3578125000000001 0.9640625 0.3578125000000001 0.9640625 0.4359375000000002 0.9953125 0.4359375000000002
1 0.928125 0.2515625000000001 0.8828125 0.2515625000000001 0.8828125 0.3687500000000001 0.928125 0.3687500000000001
1 0.9765625 0.23437500000000008 0.953125 0.23437500000000008 0.953125 0.3234375000000001 0.9765625 0.3234375000000001
1 0.9375 0.2296875000000001 0.9171875 0.2296875000000001 0.9171875 0.3031250000000001 0.9375 0.3031250000000001
1 0.909375 0.2171875000000001 0.8859375 0.2171875000000001 0.8859375 0.2500000000000001 0.909375 0.2500000000000001
1 0.8421875 0.21250000000000008 0.821875 0.21250000000000008 0.821875 0.2468750000000001 0.8421875 0.2468750000000001
1 0.746875 0.24218750000000008 0.7265625 0.24218750000000008 0.7265625 0.2953125000000001 0.746875 0.2953125000000001
1 0.703125 0.2453125000000001 0.6796875 0.2453125000000001 0.6796875 0.3625000000000001 0.703125 0.3625000000000001
1 0.5078125 0.3234375000000001 0.475 0.3234375000000001 0.475 0.5015625 0.5078125 0.5015625