1 0.01484375 0.36640625 0.02265625 0.09453125
1 0.19140625 0.34296875 0.02890625 0.1359375
1 0.20703125 0.33125 0.03125 0.14765625
1 0.24375 0.3109375 0.0328125 0.1140625
1 0.2734375 0.2734375 0.02265625 0.09375
1 0.16484375 0.2625 0.02265625 0.0640625
1 0.421875 0.365625 0.034375 0.1515625
0 0.42890625 0.334375 0.01875 0.040625
1 0.459375 0.37265625 0.02265625 0.1140625
1 0.44375 0.31875 0.009375 0.021875
1 0.51953125 0.2203125 0.015625 0.046875
1 0.5625 0.21484375 0.01015625 0.05546875
1 0.64765625 0.221875 0.01953125 0.0421875
1 0.7125 0.22265625 0.01484375 0.040625
1 0.746875 0.2203125 0.02109375 0.0453125
1 0.79921875 0.21875 0.0203125 0.04921875
1 0.83515625 0.22890625 0.01875 0.034375
1 0.97109375 0.278125 0.03359375 0.08515625
1 0.915625 0.22734375 0.02265625 0.02109375
1 0.95703125 0.2359375 0.02421875 0.03203125
1 0.7546875 0.26875 0.0171875 0.04921875