1 0.4171875 0.27031250000000007 0.3953125 0.27031250000000007 0.3953125 0.3625000000000001 0.4171875 0.3625000000000001
1 0.78125 0.4000000000000002 0.728125 0.4000000000000002 0.728125 0.6328125000000002 0.78125 0.6328125000000002
0 0.7703125 0.4312500000000002 0.7390625 0.4312500000000002 0.7390625 0.5296875000000002 0.7703125 0.5296875000000002
1 0.98125 0.3468750000000001 0.9359375 0.3468750000000001 0.9359375 0.4234375000000002 0.98125 0.4234375000000002
1 0.9125 0.2218750000000001 0.8875 0.2218750000000001 0.8875 0.3468750000000001 0.9125 0.3468750000000001
1 0.890625 0.2328125000000001 0.859375 0.2328125000000001 0.859375 0.3500000000000001 0.890625 0.3500000000000001
1 0.990625 0.2171875000000001 0.965625 0.2171875000000001 0.965625 0.2484375000000001 0.990625 0.2484375000000001
1 0.81875 0.23593750000000008 0.796875 0.23593750000000008 0.796875 0.2968750000000001 0.81875 0.2968750000000001
1 0.803125 0.2328125000000001 0.7734375 0.2328125000000001 0.7734375 0.2984375000000001 0.803125 0.2984375000000001
1 0.703125 0.2500000000000001 0.6796875 0.2500000000000001 0.6796875 0.3609375000000001 0.703125 0.3609375000000001
1 0.2875 0.21875 0.265625 0.21875 0.265625 0.31875 0.2875 0.31875