1 0.06640625 0.45 0.0546875 0.18125
1 0.1578125 0.39609375 0.0390625 0.190625
1 0.22265625 0.36484375 0.0296875 0.09921875
1 0.16796875 0.38046875 0.02109375 0.15390625
1 0.24921875 0.32265625 0.02109375 0.11640625
1 0.2765625 0.29140625 0.03515625 0.09921875
1 0.32578125 0.2609375 0.0171875 0.065625
1 0.50546875 0.29453125 0.025 0.10703125
1 0.56484375 0.228125 0.0171875 0.03046875
1 0.51953125 0.2203125 0.01640625 0.04609375
1 0.69375 0.346875 0.03046875 0.14375
1 0.6921875 0.23125 0.02421875 0.0265625
1 0.65859375 0.225 0.0140625 0.034375
1 0.81640625 0.23125 0.01953125 0.03046875
1 0.80390625 0.2234375 0.0125 0.040625
1 0.96484375 0.37421875 0.0328125 0.10390625
1 0.9015625 0.3171875 0.03828125 0.10234375
1 0.8828125 0.31484375 0.01875 0.0890625
1 0.915625 0.290625 0.02734375 0.1140625
1 0.8578125 0.2890625 0.01953125 0.11796875
1 0.86328125 0.23671875 0.01484375 0.02890625
1 0.8875 0.23671875 0.0140625 0.01875