1 0.05859375 0.67265625 0.07734375 0.2875
1 0.02109375 0.55625 0.04140625 0.2421875
1 0.025 0.45078125 0.04921875 0.1578125
1 0.16171875 0.37890625 0.04921875 0.18125
1 0.15078125 0.3859375 0.03046875 0.1625
1 0.21875 0.27421875 0.03359375 0.08984375
1 0.3109375 0.2640625 0.02265625 0.0890625
1 0.30546875 0.2671875 0.01328125 0.071875
1 0.29375 0.25 0.00625 0.01328125
1 0.4296875 0.2265625 0.0203125 0.0359375
1 0.51953125 0.21875 0.01875 0.046875
1 0.57265625 0.2296875 0.02109375 0.0296875
1 0.65703125 0.2953125 0.01953125 0.11328125
1 0.659375 0.221875 0.01796875 0.03828125
1 0.68984375 0.23125 0.01796875 0.03046875
1 0.7140625 0.3375 0.0234375 0.12734375
1 0.7296875 0.2765625 0.015625 0.03671875
1 0.7421875 0.25703125 0.0234375 0.03671875
1 0.7125 0.22109375 0.01328125 0.04296875
1 0.7953125 0.209375 0.01328125 0.02578125
1 0.81015625 0.22109375 0.02109375 0.04453125
1 0.8859375 0.31796875 0.040625 0.0984375
1 0.91796875 0.2875 0.03203125 0.1109375
1 0.8671875 0.23203125 0.02421875 0.02734375