0 0.45390625 0.5984375 0.01796875 0.059375
0 0.096875 0.64921875 0.03125 0.12421875
1 0.1171875 0.684375 0.07421875 0.2953125
1 0.0296875 0.48046875 0.059375 0.22578125
1 0.23359375 0.4015625 0.046875 0.10703125
1 0.19609375 0.346875 0.0234375 0.12265625
1 0.17578125 0.35703125 0.03359375 0.153125
1 0.21875 0.30859375 0.021875 0.0859375
1 0.234375 0.31015625 0.02578125 0.1359375
1 0.24609375 0.303125 0.01796875 0.10546875
1 0.28515625 0.3109375 0.02578125 0.0875
1 0.4328125 0.5609375 0.053125 0.26484375
1 0.15078125 0.27578125 0.01328125 0.05390625
1 0.1140625 0.2953125 0.01875 0.05
1 0.4625 0.32109375 0.040625 0.15234375
1 0.49453125 0.31328125 0.025 0.121875
1 0.425 0.2265625 0.01796875 0.0328125
1 0.790625 0.5078125 0.0484375 0.1984375
1 0.7890625 0.41171875 0.03671875 0.0703125
1 0.6859375 0.30390625 0.0171875 0.11484375
1 0.690625 0.2296875 0.02109375 0.0359375
1 0.66171875 0.23046875 0.01640625 0.03046875
1 0.81484375 0.22734375 0.0109375 0.03203125
1 0.83515625 0.2765625 0.02265625 0.0953125
1 0.890625 0.3046875 0.02890625 0.1125
1 0.878125 0.290625 0.02109375 0.1015625
1 0.834375 0.22109375 0.021875 0.02890625
1 0.90625 0.23359375 0.02109375 0.028125