1 0.14609375 0.71015625 0.10859375 0.290625
0 0.1484375 0.6609375 0.0359375 0.15234375
1 0.1078125 0.40859375 0.04375 0.21171875
1 0.15234375 0.41171875 0.03203125 0.16953125
1 0.2109375 0.35234375 0.025 0.11796875
1 0.1921875 0.31953125 0.0171875 0.0703125
1 0.24375 0.303125 0.02109375 0.11875
1 0.2671875 0.3125 0.028125 0.11796875
1 0.3109375 0.253125 0.02578125 0.0515625
1 0.3328125 0.26171875 0.03046875 0.0875
1 0.5125 0.28515625 0.0296875 0.0625
1 0.42734375 0.23046875 0.0265625 0.03671875
1 0.75703125 0.221875 0.01953125 0.0453125
1 0.684375 0.30703125 0.01640625 0.121875
1 0.83984375 0.2890625 0.0203125 0.08359375
1 0.88671875 0.303125 0.0328125 0.10546875
1 0.9421875 0.359375 0.03359375 0.09140625
1 0.9875 0.41328125 0.025 0.05390625
1 0.98125 0.63828125 0.0375 0.1953125
1 0.87578125 0.22734375 0.02734375 0.03984375
1 0.90625 0.2296875 0.02109375 0.0359375