1 0.08281250000000005 0.34375 0.020312500000000046 0.34375 0.020312500000000056 0.546875 0.08281250000000007 0.546875
1 0.16093750000000004 0.334375 0.12812500000000004 0.334375 0.12812500000000004 0.50625 0.16093750000000004 0.50625
1 0.284375 0.215625 0.253125 0.215625 0.253125 0.325 0.284375 0.325
1 0.3765625 0.25000000000000006 0.3515625 0.25 0.3515625 0.3140625 0.3765625 0.3140625000000001
1 0.6359375 0.2671875000000001 0.6046875 0.2671875000000001 0.6046875 0.35625000000000007 0.6359375 0.35625000000000007
1 0.690625 0.3375000000000001 0.6375 0.3375000000000001 0.6375 0.43125 0.690625 0.43125
1 0.61875 0.3500000000000001 0.59375 0.3500000000000001 0.59375 0.4234375 0.61875 0.4234375
1 0.8859375 0.2375000000000001 0.8609375 0.2375000000000001 0.8609375 0.35625000000000007 0.8859375 0.35625000000000007
1 0.8203125 0.1906250000000001 0.7953125 0.1906250000000001 0.7953125 0.2468750000000001 0.8203125 0.2468750000000001
1 0.9921875 0.21250000000000008 0.9625 0.21250000000000008 0.9625 0.2484375000000001 0.9921875 0.2484375000000001
1 0.9453125 0.22812500000000008 0.9203125 0.22812500000000008 0.9203125 0.3375000000000001 0.9453125 0.3375000000000001