1 0.021875 0.41953125 0.04375 0.11328125
0 0.05078125 0.49140625 0.025 0.05390625
1 0.37421875 0.54296875 0.04765625 0.24765625
1 0.18984375 0.36171875 0.03359375 0.15703125
1 0.15234375 0.27265625 0.01796875 0.053125
1 0.215625 0.3 0.02578125 0.12421875
1 0.484375 0.3328125 0.0234375 0.128125
1 0.465625 0.31953125 0.0265625 0.128125
1 0.6828125 0.30546875 0.0140625 0.10859375
1 0.66171875 0.22890625 0.0171875 0.0265625
1 0.5109375 0.22421875 0.021875 0.04375
1 0.7640625 0.228125 0.01328125 0.0359375
1 0.75234375 0.27109375 0.02734375 0.04765625
1 0.86875 0.29375 0.02421875 0.1140625
1 0.92890625 0.3453125 0.04453125 0.09296875
1 0.92421875 0.27578125 0.02265625 0.0703125
1 0.90625 0.23046875 0.0234375 0.03203125
1 0.9578125 0.2328125 0.02421875 0.03203125
1 0.98515625 0.26484375 0.0296875 0.07265625