1 0.15859375 0.659375 0.075 0.2953125
0 0.13984375 0.61796875 0.0375 0.121875
0 0.03984375 0.62265625 0.059375 0.04609375
0 0.44921875 0.58828125 0.025 0.05390625
0 0.1484375 0.403125 0.025 0.04375
1 0.1515625 0.37265625 0.034375 0.16640625
1 0.171875 0.353125 0.03515625 0.15625
1 0.19375 0.346875 0.0265625 0.1296875
1 0.22890625 0.32109375 0.025 0.14921875
1 0.21953125 0.3296875 0.01875 0.12578125
1 0.27890625 0.2921875 0.021875 0.0765625
1 0.29375 0.30390625 0.0375 0.0609375
1 0.22421875 0.2375 0.0203125 0.0515625
1 0.4640625 0.534375 0.053125 0.240625
1 0.765625 0.4203125 0.05546875 0.146875
1 0.72578125 0.39296875 0.02890625 0.153125
1 0.68359375 0.30625 0.015625 0.11796875
1 0.703125 0.23515625 0.021875 0.03046875
1 0.425 0.2265625 0.02421875 0.0328125
1 0.78125 0.27265625 0.02421875 0.05
1 0.834375 0.278125 0.02265625 0.084375
1 0.825 0.22890625 0.01953125 0.02890625
1 0.8765625 0.29609375 0.025 0.10546875
1 0.959375 0.275 0.0234375 0.08984375