1 0.4046875 0.36666666666666675 0.3578125 0.36666666666666664 0.3578125 0.5944444444444446 0.4046875 0.5944444444444446
1 0.5390625 0.5305555555555557 0.475 0.5305555555555557 0.475 0.8194444444444444 0.5390625 0.8194444444444444
1 0.08281250000000004 0.33611111111111114 0.021875000000000023 0.33611111111111114 0.02187500000000003 0.55 0.08281250000000004 0.55
1 0.2875 0.2111111111111112 0.25625 0.2111111111111112 0.25625 0.31666666666666676 0.2875 0.31666666666666676
1 0.6375 0.2694444444444446 0.6109375 0.2694444444444446 0.6109375 0.37500000000000017 0.6375 0.37500000000000017
1 0.428125 0.23888888888888896 0.409375 0.23888888888888896 0.409375 0.29166666666666674 0.428125 0.29166666666666674
1 0.721875 0.23611111111111127 0.696875 0.23611111111111127 0.696875 0.3444444444444446 0.721875 0.3444444444444446
1 0.026562500000000027 0.32222222222222224 0.0015625000000000222 0.32222222222222224 0.0015625000000000252 0.4166666666666667 0.026562500000000034 0.4166666666666667
1 0.928125 0.29166666666666685 0.9 0.29166666666666685 0.9 0.38333333333333347 0.928125 0.38333333333333347
1 0.9859375 0.23888888888888912 0.9546875 0.23888888888888912 0.9546875 0.32222222222222247 0.9859375 0.32222222222222247
1 0.8046875 0.2444444444444446 0.7859375 0.2444444444444446 0.7859375 0.2944444444444446 0.8046875 0.2944444444444446
1 0.84375 0.23611111111111127 0.8234375 0.23611111111111127 0.8234375 0.32777777777777795 0.84375 0.32777777777777795
1 0.4875 0.2583333333333334 0.465625 0.2583333333333334 0.465625 0.3222222222222223 0.4875 0.3222222222222223
1 0.9 0.29166666666666685 0.8671875 0.29166666666666685 0.8671875 0.36388888888888904 0.9 0.36388888888888904
1 0.5859375 0.20000000000000015 0.575 0.20000000000000015 0.575 0.24166666666666684 0.5859375 0.24166666666666684
1 0.8234375 0.25277777777777793 0.8046875 0.25277777777777793 0.8046875 0.30000000000000016 0.8234375 0.30000000000000016
0 0.5875 0.627777777777778 0.553125 0.627777777777778 0.553125 0.6777777777777779 0.5875 0.6777777777777779
1 0.4484375 0.21944444444444453 0.428125 0.21944444444444453 0.428125 0.2472222222222223 0.4484375 0.2472222222222223
1 0.6640625 0.20000000000000015 0.65 0.20000000000000015 0.65 0.23888888888888904 0.6640625 0.23888888888888904