1 0.2546875 0.35390625 0.0296875 0.121875
1 0.28046875 0.3265625 0.025 0.103125
0 0.271875 0.34453125 0.0171875 0.02890625
1 0.36953125 0.49140625 0.04765625 0.22734375
1 0.4328125 0.4734375 0.0484375 0.14921875
1 0.228125 0.303125 0.028125 0.121875
1 0.20703125 0.29375 0.0171875 0.10546875
1 0.4390625 0.2953125 0.03046875 0.10859375
1 0.49453125 0.228125 0.01484375 0.03046875
1 0.52265625 0.22734375 0.0140625 0.03125
1 0.54921875 0.20703125 0.0109375 0.0390625
1 0.65 0.22265625 0.0171875 0.040625
1 0.6890625 0.2328125 0.0171875 0.0265625
1 0.709375 0.221875 0.0140625 0.0421875
1 0.896875 0.34921875 0.02890625 0.0578125
1 0.8265625 0.22890625 0.01328125 0.03515625
1 0.86875 0.2859375 0.0234375 0.12578125
1 0.903125 0.2875 0.02578125 0.10078125
1 0.90078125 0.23125 0.01875 0.03203125