1 0.19062500000000002 0.28611111111111115 0.1546875 0.2861111111111111 0.15468750000000003 0.4527777777777778 0.19062500000000004 0.4527777777777778
1 0.2234375 0.288888888888889 0.19375 0.288888888888889 0.19375000000000003 0.41388888888888886 0.2234375 0.41388888888888886
1 0.715625 0.2694444444444446 0.69375 0.2694444444444446 0.69375 0.39722222222222237 0.715625 0.39722222222222237
1 0.540625 0.24166666666666675 0.521875 0.24166666666666675 0.521875 0.2972222222222223 0.540625 0.2972222222222223
1 0.353125 0.25555555555555565 0.3234375 0.25555555555555565 0.3234375 0.31111111111111117 0.353125 0.31111111111111117
1 0.8421875 0.23888888888888904 0.821875 0.23888888888888904 0.821875 0.3194444444444446 0.8421875 0.3194444444444446
1 0.4875 0.2583333333333334 0.4625 0.2583333333333334 0.4625 0.31944444444444453 0.4875 0.31944444444444453
1 0.221875 0.2250000000000001 0.2 0.2250000000000001 0.2 0.33055555555555566 0.221875 0.33055555555555566
1 0.409375 0.2527777777777779 0.384375 0.2527777777777779 0.384375 0.35277777777777786 0.409375 0.35277777777777786
1 0.453125 0.40277777777777796 0.3828125 0.40277777777777796 0.3828125 0.5555555555555557 0.453125 0.5555555555555557
1 0.446875 0.23888888888888896 0.4234375 0.23888888888888896 0.4234375 0.288888888888889 0.446875 0.288888888888889
1 0.44375 0.21944444444444453 0.425 0.21944444444444453 0.425 0.2472222222222223 0.44375 0.2472222222222223
1 0.5328125 0.20000000000000007 0.5125 0.20000000000000007 0.5125 0.24166666666666675 0.5328125 0.24166666666666675
1 0.71875 0.20000000000000015 0.70625 0.20000000000000015 0.70625 0.24166666666666684 0.71875 0.24166666666666684
1 0.8296875 0.21388888888888904 0.8109375 0.21388888888888904 0.8109375 0.24722222222222237 0.8296875 0.24722222222222237
1 0.8390625 0.20833333333333348 0.825 0.20833333333333348 0.825 0.2444444444444446 0.8390625 0.2444444444444446
0 0.7 0.3166666666666668 0.6859375 0.3166666666666668 0.6859375 0.3388888888888891 0.7 0.3388888888888891