1 0.17031250000000003 0.2861111111111111 0.1359375 0.2861111111111111 0.13593750000000002 0.45555555555555555 0.17031250000000003 0.45555555555555555
1 0.09062500000000004 0.325 0.02031250000000002 0.325 0.02031250000000003 0.5222222222222223 0.09062500000000004 0.5222222222222223
1 0.734375 0.2972222222222224 0.703125 0.2972222222222224 0.703125 0.4722222222222224 0.734375 0.4722222222222224
1 0.94375 0.33611111111111136 0.915625 0.33611111111111136 0.915625 0.40000000000000013 0.94375 0.40000000000000013
1 0.4328125 0.23888888888888896 0.4125 0.23888888888888896 0.4125 0.288888888888889 0.4328125 0.288888888888889
1 0.8359375 0.21111111111111128 0.815625 0.21111111111111128 0.815625 0.24722222222222237 0.8359375 0.24722222222222237
1 0.3375 0.21388888888888896 0.30625 0.21388888888888896 0.30625 0.2944444444444445 0.3375 0.2944444444444445
1 0.4875 0.2583333333333334 0.465625 0.2583333333333334 0.465625 0.31944444444444453 0.4875 0.31944444444444453
1 0.65625 0.30000000000000016 0.621875 0.30000000000000016 0.621875 0.4083333333333335 0.65625 0.4083333333333335
1 0.5859375 0.20000000000000015 0.575 0.20000000000000015 0.575 0.24166666666666684 0.5859375 0.24166666666666684
1 0.84375 0.23888888888888904 0.821875 0.23888888888888904 0.821875 0.3194444444444446 0.84375 0.3194444444444446
1 0.7171875 0.20277777777777795 0.703125 0.20277777777777795 0.703125 0.2444444444444446 0.7171875 0.2444444444444446
1 0.415625 0.21388888888888896 0.3984375 0.21388888888888896 0.3984375 0.2472222222222223 0.415625 0.2472222222222223
1 0.5328125 0.20000000000000007 0.5125 0.20000000000000007 0.5125 0.24444444444444452 0.5328125 0.24444444444444452
0 0.6375 0.3250000000000002 0.6203125 0.3250000000000002 0.6203125 0.3527777777777779 0.6375 0.3527777777777779
0 0.7328125 0.3527777777777779 0.7203125 0.3527777777777779 0.7203125 0.3805555555555557 0.7328125 0.3805555555555557