1 0.6921875 0.5250000000000001 0.6328125 0.5250000000000001 0.6328125 0.8222222222222222 0.6921875 0.8222222222222222
1 0.290625 0.21388888888888896 0.25625 0.21388888888888896 0.25625 0.31666666666666676 0.290625 0.31666666666666676
1 0.4265625 0.24166666666666675 0.4078125 0.24166666666666675 0.4078125 0.288888888888889 0.4265625 0.288888888888889
1 0.659375 0.23611111111111127 0.6328125 0.23611111111111127 0.6328125 0.3694444444444446 0.659375 0.3694444444444446
1 0.8828125 0.2833333333333335 0.84375 0.2833333333333335 0.84375 0.3583333333333335 0.8828125 0.3583333333333335
1 0.25 0.25000000000000006 0.225 0.25000000000000006 0.225 0.35833333333333334 0.25 0.35833333333333334
1 0.496875 0.29166666666666674 0.4671875 0.29166666666666674 0.4671875 0.4416666666666668 0.496875 0.4416666666666668
1 0.07343750000000003 0.3416666666666667 0.02031250000000002 0.3416666666666667 0.020312500000000032 0.55 0.07343750000000004 0.55
1 0.621875 0.26666666666666683 0.6046875 0.26666666666666683 0.6046875 0.3583333333333335 0.621875 0.3583333333333335
1 0.8328125 0.24166666666666684 0.8078125 0.24166666666666684 0.8078125 0.3194444444444446 0.8328125 0.3194444444444446
0 0.503125 0.3333333333333334 0.49375 0.3333333333333334 0.49375 0.35555555555555574 0.503125 0.35555555555555574
0 0.7578125 0.6388888888888891 0.7296875 0.6388888888888891 0.7296875 0.6805555555555557 0.7578125 0.6805555555555557
1 0.4453125 0.21666666666666676 0.425 0.21666666666666676 0.425 0.2472222222222223 0.4453125 0.2472222222222223
1 0.503125 0.2861111111111112 0.484375 0.2861111111111112 0.484375 0.37777777777777793 0.503125 0.37777777777777793
1 0.528125 0.20000000000000007 0.5125 0.20000000000000007 0.5125 0.24444444444444452 0.528125 0.24444444444444452
1 0.646875 0.31388888888888905 0.5984375 0.31388888888888905 0.5984375 0.40277777777777796 0.646875 0.40277777777777796
1 0.9421875 0.24166666666666686 0.9046875 0.24166666666666684 0.9046875 0.3722222222222224 0.9421875 0.3722222222222224