1 0.26875 0.2527777777777779 0.228125 0.2527777777777779 0.228125 0.40555555555555556 0.26875 0.40555555555555556
1 0.17031250000000003 0.28888888888888886 0.1359375 0.28888888888888886 0.13593750000000002 0.45555555555555555 0.17031250000000003 0.45555555555555555
1 0.2953125 0.22777777777777786 0.2640625 0.22777777777777786 0.2640625 0.35555555555555557 0.2953125 0.35555555555555557
1 0.88125 0.2694444444444446 0.8484375 0.2694444444444446 0.8484375 0.35000000000000014 0.88125 0.35000000000000014
1 0.434375 0.23888888888888896 0.4125 0.23888888888888896 0.4125 0.288888888888889 0.434375 0.288888888888889
1 0.334375 0.21388888888888896 0.30625 0.21388888888888896 0.30625 0.2944444444444445 0.334375 0.2944444444444445
1 0.6390625 0.27777777777777796 0.6125 0.27777777777777796 0.6125 0.37500000000000017 0.6390625 0.37500000000000017
1 0.840625 0.21111111111111128 0.8265625 0.21111111111111128 0.8265625 0.24722222222222237 0.840625 0.24722222222222237
1 0.6546875 0.24166666666666684 0.6328125 0.24166666666666684 0.6328125 0.34166666666666684 0.6546875 0.34166666666666684
1 0.4890625 0.2583333333333334 0.4640625 0.2583333333333334 0.4640625 0.31944444444444453 0.4890625 0.31944444444444453
1 0.9296875 0.31944444444444464 0.8984375 0.3194444444444446 0.8984375 0.38888888888888906 0.9296875 0.38888888888888906
1 0.846875 0.23888888888888904 0.8234375 0.23888888888888904 0.8234375 0.3083333333333335 0.846875 0.3083333333333335
1 0.825 0.25833333333333347 0.8046875 0.25833333333333347 0.8046875 0.3027777777777779 0.825 0.3027777777777779
1 0.71875 0.20000000000000015 0.7015625 0.20000000000000015 0.7015625 0.24722222222222237 0.71875 0.24722222222222237
1 0.44375 0.2222222222222223 0.425 0.2222222222222223 0.425 0.24444444444444452 0.44375 0.24444444444444452