1 0.49375 0.5194444444444446 0.40625 0.5194444444444446 0.40625 0.8805555555555555 0.49375 0.8805555555555555
1 0.1765625 0.2861111111111111 0.1421875 0.2861111111111111 0.14218750000000002 0.4527777777777778 0.17656250000000004 0.4527777777777778
1 0.4328125 0.23888888888888896 0.4125 0.23888888888888896 0.4125 0.288888888888889 0.4328125 0.288888888888889
1 0.221875 0.2250000000000001 0.1984375 0.2250000000000001 0.19843750000000002 0.35277777777777786 0.221875 0.35277777777777786
1 0.6921875 0.3111111111111113 0.6578125 0.3111111111111113 0.6578125 0.46111111111111125 0.6921875 0.46111111111111125
1 0.328125 0.21666666666666676 0.3015625 0.21666666666666676 0.3015625 0.31111111111111117 0.328125 0.31111111111111117
1 0.6359375 0.22500000000000014 0.6171875 0.22500000000000014 0.6171875 0.3472222222222224 0.6359375 0.3472222222222224
1 0.8453125 0.23611111111111127 0.8234375 0.23611111111111127 0.8234375 0.3194444444444446 0.8453125 0.3194444444444446
1 0.6671875 0.20833333333333348 0.6484375 0.20833333333333348 0.6484375 0.24722222222222237 0.6671875 0.24722222222222237
1 0.4890625 0.25555555555555565 0.4671875 0.25555555555555565 0.4671875 0.31944444444444453 0.4890625 0.31944444444444453
1 0.5296875 0.20000000000000007 0.5078125 0.20000000000000007 0.5078125 0.24444444444444452 0.5296875 0.24444444444444452
1 0.4421875 0.21388888888888896 0.41875 0.21388888888888896 0.41875 0.24444444444444452 0.4421875 0.24444444444444452
1 0.7203125 0.20000000000000015 0.7015625 0.20000000000000015 0.7015625 0.2444444444444446 0.7203125 0.2444444444444446
1 0.8453125 0.21111111111111128 0.828125 0.21111111111111128 0.828125 0.24722222222222237 0.8453125 0.24722222222222237