1 0.9078125 0.6359375000000002 0.828125 0.6359375000000002 0.828125 0.9 0.9078125 0.9
0 0.8078125 0.7125000000000001 0.7640625 0.7125000000000001 0.7640625000000001 0.7890625000000002 0.8078125 0.7890625000000002
0 0.871875 0.8140625 0.8484375 0.8140625 0.8484375 0.8625 0.871875 0.8625
1 0.25781250000000006 0.2578125 0.2203125 0.2578125 0.22031250000000005 0.3703125 0.2578125000000001 0.3703125
1 0.7265625 0.3218750000000001 0.6921875 0.3218750000000001 0.6921875 0.49687500000000007 0.7265625 0.4968750000000002
1 0.703125 0.2500000000000001 0.6796875 0.2500000000000001 0.6796875 0.3625000000000001 0.703125 0.3625000000000001
1 0.8046875 0.2375000000000001 0.775 0.2375000000000001 0.775 0.2953125000000001 0.8046875 0.2953125000000001
1 0.846875 0.24218750000000008 0.8296875 0.24218750000000008 0.8296875 0.3265625000000001 0.846875 0.3265625000000001
1 0.8984375 0.23593750000000008 0.8703125 0.23593750000000008 0.8703125 0.3468750000000001 0.8984375 0.3468750000000001
1 0.9140625 0.2234375000000001 0.890625 0.2234375000000001 0.890625 0.3453125000000001 0.9140625 0.3453125000000001
1 0.9859375 0.2328125000000001 0.9546875 0.2328125000000001 0.9546875 0.3234375000000001 0.9859375 0.3234375000000001