1 0.1390625 0.7375 0.08828125 0.26484375
1 0.08671875 0.69140625 0.06015625 0.25625
1 0.025 0.5640625 0.04921875 0.26171875
1 0.0265625 0.4609375 0.053125 0.17578125
1 0.1546875 0.3953125 0.0359375 0.19375
1 0.13359375 0.390625 0.034375 0.16328125
1 0.31171875 0.25625 0.02734375 0.07578125
1 0.3046875 0.26796875 0.015625 0.07421875
1 0.29375 0.25 0.00859375 0.0140625
0 0.31875 0.246875 0.00859375 0.02109375
1 0.4984375 0.2234375 0.01328125 0.0375
1 0.5203125 0.22109375 0.015625 0.04765625
1 0.57578125 0.2296875 0.01875 0.03046875
1 0.56640625 0.2796875 0.0265625 0.0796875
1 0.7125 0.29296875 0.021875 0.10859375
1 0.6890625 0.2296875 0.01953125 0.03125
1 0.778125 0.2734375 0.02421875 0.0421875
1 0.8234375 0.2859375 0.02734375 0.0546875
1 0.9234375 0.284375 0.02890625 0.09453125
1 0.875 0.228125 0.025 0.03359375
1 0.825 0.22578125 0.02421875 0.03984375
1 0.79609375 0.21953125 0.01875 0.046875
1 0.21640625 0.27421875 0.03125 0.08984375
1 0.98828125 0.85703125 0.02265625 0.28359375