1 0.36875 0.5671875 0.06484375 0.25625
1 0.02421875 0.4171875 0.0484375 0.1203125
0 0.05234375 0.49609375 0.0265625 0.05
0 0.0875 0.5625 0.02734375 0.0421875
1 0.18515625 0.365625 0.03671875 0.15703125
1 0.2171875 0.29921875 0.025 0.12265625
1 0.153125 0.2703125 0.01640625 0.04921875
1 0.49921875 0.31015625 0.03515625 0.1125
1 0.51953125 0.29140625 0.01640625 0.04375
1 0.50703125 0.22421875 0.021875 0.040625
1 0.6828125 0.3703125 0.02421875 0.1640625
1 0.71640625 0.31953125 0.02421875 0.1390625
1 0.8796875 0.29609375 0.0265625 0.11875
1 0.92734375 0.3453125 0.0421875 0.09765625
1 0.92734375 0.27109375 0.028125 0.0765625
1 0.95703125 0.23359375 0.021875 0.03046875
1 0.98515625 0.26875 0.02890625 0.08203125
1 0.90703125 0.23046875 0.01875 0.0328125
1 0.66171875 0.23125 0.015625 0.02890625
1 0.68515625 0.27265625 0.0109375 0.04765625