1 0.17031250000000003 0.2861111111111111 0.1375 0.2861111111111111 0.1375 0.45555555555555555 0.17031250000000003 0.45555555555555555
1 0.275 0.2666666666666667 0.2328125 0.2666666666666667 0.2328125 0.43333333333333335 0.275 0.43333333333333335
1 0.428125 0.23888888888888896 0.4109375 0.23888888888888896 0.4109375 0.288888888888889 0.428125 0.288888888888889
1 0.5828125 0.23888888888888904 0.565625 0.23888888888888904 0.565625 0.3194444444444446 0.5828125 0.3194444444444446
1 0.9390625 0.2805555555555558 0.90625 0.2805555555555557 0.90625 0.3861111111111113 0.9390625 0.3861111111111113
1 0.621875 0.20000000000000015 0.609375 0.20000000000000015 0.609375 0.2444444444444446 0.621875 0.2444444444444446
1 0.2921875 0.2361111111111112 0.2671875 0.2361111111111112 0.2671875 0.36666666666666664 0.2921875 0.36666666666666664
1 0.4875 0.2583333333333334 0.4671875 0.2583333333333334 0.4671875 0.3222222222222223 0.4875 0.3222222222222223
1 0.990625 0.23611111111111135 0.9546875 0.23611111111111135 0.9546875 0.30277777777777803 0.990625 0.30277777777777803
1 0.9078125 0.22777777777777797 0.8796875 0.22777777777777794 0.8796875 0.33333333333333354 0.9078125 0.3333333333333336
1 0.6890625 0.2611111111111113 0.6765625 0.2611111111111113 0.6765625 0.34166666666666684 0.6890625 0.34166666666666684
1 0.2734375 0.2222222222222223 0.2515625 0.2222222222222223 0.2515625 0.30277777777777787 0.2734375 0.30277777777777787
1 0.84375 0.23888888888888904 0.821875 0.23888888888888904 0.821875 0.3194444444444446 0.84375 0.3194444444444446
1 0.4203125 0.21388888888888896 0.4015625 0.21388888888888896 0.4015625 0.25000000000000006 0.4203125 0.25000000000000006
1 0.5296875 0.20277777777777786 0.5125 0.20277777777777786 0.5125 0.24444444444444452 0.5296875 0.24444444444444452
1 0.7 0.32222222222222235 0.675 0.32222222222222235 0.675 0.4833333333333335 0.7 0.4833333333333335
0 0.690625 0.3861111111111113 0.675 0.3861111111111113 0.675 0.4222222222222224 0.690625 0.4222222222222224