1 0.18828125 0.378125 0.03828125 0.14609375
1 0.190625 0.3109375 0.025 0.071875
1 0.20625 0.29921875 0.0328125 0.08359375
1 0.23671875 0.3046875 0.028125 0.1421875
1 0.26875 0.271875 0.02265625 0.090625
1 0.40546875 0.309375 0.021875 0.09453125
1 0.39296875 0.30078125 0.01328125 0.0203125
1 0.2484375 0.30546875 0.01640625 0.11328125
1 0.42109375 0.33828125 0.0171875 0.0953125
1 0.51953125 0.2203125 0.01640625 0.0484375
1 0.66015625 0.29375 0.0140625 0.1125
1 0.7609375 0.22265625 0.01875 0.04140625
1 0.80390625 0.225 0.0140625 0.0390625
1 0.921875 0.2921875 0.03828125 0.1125
1 0.978125 0.28359375 0.021875 0.046875
1 0.7859375 0.20703125 0.01328125 0.01796875