1 0.4234375 0.40277777777777796 0.3671875 0.40277777777777796 0.3671875 0.6305555555555558 0.4234375 0.6305555555555558
1 0.06406250000000004 0.3416666666666667 0.014062500000000023 0.3416666666666667 0.01406250000000003 0.5444444444444444 0.06406250000000005 0.5444444444444444
1 0.428125 0.23888888888888896 0.409375 0.23888888888888896 0.409375 0.2944444444444445 0.428125 0.2944444444444445
1 0.625 0.31388888888888905 0.590625 0.31388888888888905 0.590625 0.42500000000000016 0.625 0.42500000000000016
1 0.734375 0.24166666666666684 0.7046875 0.24166666666666684 0.7046875 0.3861111111111113 0.734375 0.3861111111111113
1 0.4875 0.2583333333333334 0.4625 0.2583333333333334 0.4625 0.3472222222222223 0.4875 0.3472222222222223
1 0.9921875 0.23333333333333356 0.9609375 0.23333333333333356 0.9609375 0.31666666666666693 0.9921875 0.31666666666666693
1 0.9671875 0.31111111111111134 0.9234375 0.31111111111111134 0.9234375 0.41388888888888903 0.9671875 0.41388888888888903
1 0.2578125 0.21666666666666676 0.23125 0.21666666666666676 0.23125 0.31666666666666676 0.2578125 0.31666666666666676
1 0.5109375 0.36111111111111127 0.4625 0.36111111111111127 0.4625 0.5388888888888891 0.5109375 0.5388888888888891
1 0.9109375 0.2250000000000002 0.8796875 0.22500000000000014 0.8796875 0.3500000000000002 0.9109375 0.35000000000000026
1 0.8484375 0.22777777777777794 0.81875 0.22777777777777794 0.81875 0.3250000000000002 0.8484375 0.3250000000000002
0 0.490625 0.4416666666666668 0.4640625 0.4416666666666668 0.4640625 0.5000000000000001 0.490625 0.5000000000000001
1 0.5875 0.21388888888888904 0.5703125 0.21388888888888904 0.5703125 0.24722222222222237 0.5875 0.24722222222222237