1 0.246875 0.34765625 0.0296875 0.121875
1 0.278125 0.328125 0.03125 0.0984375
0 0.28828125 0.3359375 0.009375 0.03203125
1 0.29921875 0.2703125 0.0234375 0.11171875
1 0.253125 0.27109375 0.0234375 0.08828125
1 0.43984375 0.29609375 0.0296875 0.10859375
1 0.52109375 0.23125 0.021875 0.0265625
1 0.59765625 0.36640625 0.03125 0.0765625
1 0.67109375 0.32421875 0.02890625 0.03984375
1 0.71171875 0.22109375 0.0171875 0.04375
1 0.89921875 0.3453125 0.0390625 0.06875
1 0.8828125 0.33203125 0.0234375 0.0484375
1 0.834375 0.271875 0.02265625 0.09765625
1 0.80625 0.2296875 0.01953125 0.03125
1 0.86875 0.23515625 0.01875 0.025
1 0.90859375 0.2890625 0.0328125 0.1078125
1 0.88984375 0.22890625 0.0203125 0.03359375
1 0.9015625 0.2296875 0.01484375 0.0296875
1 0.79765625 0.20546875 0.0125 0.02890625