1 0.20078125 0.34609375 0.034375 0.1640625
1 0.3140625 0.28515625 0.02265625 0.0515625
1 0.10390625 0.25703125 0.015625 0.065625
1 0.24765625 0.2734375 0.0265625 0.09609375
1 0.521875 0.21953125 0.015625 0.04765625
1 0.6578125 0.2234375 0.01796875 0.03828125
1 0.7109375 0.21953125 0.01328125 0.0328125
1 0.75234375 0.22109375 0.02109375 0.0453125
1 0.79375 0.26796875 0.021875 0.05078125
1 0.8109375 0.2265625 0.01796875 0.03671875
1 0.7984375 0.2140625 0.015625 0.03203125
1 0.84453125 0.30390625 0.028125 0.06640625
1 0.88359375 0.3328125 0.03359375 0.06484375
1 0.97421875 0.27734375 0.0296875 0.08515625
1 0.959375 0.23515625 0.01953125 0.03046875