1 0.2 0.3194444444444445 0.1640625 0.3194444444444444 0.16406250000000003 0.4583333333333333 0.2 0.4583333333333333
1 0.1765625 0.28888888888888886 0.1453125 0.28888888888888886 0.1453125 0.4527777777777778 0.17656250000000004 0.4527777777777778
1 0.4109375 0.2527777777777779 0.3875 0.2527777777777779 0.3875 0.3583333333333335 0.4109375 0.3583333333333335
1 0.428125 0.23888888888888896 0.409375 0.23888888888888896 0.409375 0.288888888888889 0.428125 0.288888888888889
1 0.546875 0.238888888888889 0.525 0.23888888888888896 0.525 0.29444444444444456 0.546875 0.2944444444444446
1 0.703125 0.27500000000000013 0.6765625 0.27500000000000013 0.6765625 0.40000000000000013 0.703125 0.40000000000000013
1 0.9046875 0.28888888888888903 0.8703125 0.28888888888888903 0.8703125 0.36388888888888904 0.9046875 0.36388888888888904
1 0.4875 0.2583333333333334 0.4671875 0.2583333333333334 0.4671875 0.31944444444444453 0.4875 0.31944444444444453
1 0.8421875 0.23888888888888904 0.821875 0.23888888888888904 0.821875 0.3194444444444446 0.8421875 0.3194444444444446
1 0.221875 0.2250000000000001 0.2 0.2250000000000001 0.2 0.35277777777777786 0.221875 0.35277777777777786
1 0.3546875 0.25000000000000006 0.3234375 0.25000000000000006 0.3234375 0.31111111111111117 0.3546875 0.31111111111111117
1 0.5296875 0.20000000000000007 0.5125 0.20000000000000007 0.5125 0.24166666666666675 0.5296875 0.24166666666666675
1 0.4578125 0.4583333333333335 0.378125 0.4583333333333335 0.378125 0.6416666666666668 0.4578125 0.6416666666666668
1 0.446875 0.21944444444444453 0.4265625 0.21944444444444453 0.4265625 0.2472222222222223 0.446875 0.2472222222222223
0 0.7015625 0.32222222222222235 0.6875 0.32222222222222235 0.6875 0.3472222222222224 0.7015625 0.3472222222222224
1 0.71875 0.20000000000000015 0.7015625 0.20000000000000015 0.7015625 0.2444444444444446 0.71875 0.2444444444444446
1 0.8296875 0.21388888888888904 0.8078125 0.21388888888888904 0.8078125 0.25000000000000017 0.8296875 0.25000000000000017
1 0.84375 0.21111111111111128 0.8296875 0.21111111111111128 0.8296875 0.24166666666666684 0.84375 0.24166666666666684