1 0.078125 0.5015625 0.06171875 0.215625
1 0.0375 0.45859375 0.05546875 0.17265625
1 0.165625 0.39296875 0.0328125 0.19921875
1 0.2359375 0.29609375 0.0265625 0.09609375
1 0.2875 0.26640625 0.02421875 0.07734375
1 0.32265625 0.27421875 0.028125 0.071875
1 0.79375 0.58125 0.06796875 0.28125
1 0.77734375 0.428125 0.04375 0.15078125
1 0.52265625 0.2203125 0.01953125 0.04609375
1 0.56484375 0.22890625 0.01953125 0.028125
1 0.56171875 0.278125 0.01796875 0.08046875
1 0.69140625 0.23125 0.02265625 0.02890625
1 0.73671875 0.225 0.0125 0.03515625
1 0.81640625 0.23046875 0.01640625 0.028125
1 0.88125 0.315625 0.0234375 0.09140625
1 0.90546875 0.325 0.03828125 0.10390625
1 0.865625 0.23125 0.01796875 0.0296875
1 0.8828125 0.25625 0.01875 0.06484375
1 0.91875 0.2640625 0.02578125 0.06015625
1 0.06953125 0.33515625 0.01328125 0.05234375