1 0.8015625 0.42500000000000016 0.746875 0.42500000000000016 0.746875 0.7055555555555557 0.8015625 0.7055555555555557
1 0.17031250000000003 0.2861111111111111 0.1359375 0.2861111111111111 0.13593750000000002 0.45555555555555555 0.17031250000000003 0.45555555555555555
1 0.07656250000000003 0.32222222222222224 0.021875000000000023 0.32222222222222224 0.02187500000000003 0.5277777777777778 0.07656250000000005 0.5277777777777778
1 0.8953125 0.2333333333333335 0.865625 0.2333333333333335 0.865625 0.3527777777777779 0.8953125 0.3527777777777779
1 0.29375 0.21666666666666676 0.2671875 0.21666666666666676 0.2671875 0.31666666666666676 0.29375 0.31666666666666676
1 0.6640625 0.3055555555555557 0.640625 0.3055555555555557 0.640625 0.41111111111111126 0.6640625 0.41111111111111126
1 0.5828125 0.23888888888888904 0.565625 0.23888888888888904 0.565625 0.3194444444444446 0.5828125 0.3194444444444446
1 0.7171875 0.20277777777777795 0.703125 0.20277777777777795 0.703125 0.2444444444444446 0.7171875 0.2444444444444446
1 0.1125 0.2222222222222222 0.09218750000000002 0.2222222222222222 0.09218750000000002 0.28888888888888886 0.1125 0.28888888888888886
1 0.840625 0.21111111111111128 0.8234375 0.21111111111111128 0.8234375 0.2444444444444446 0.840625 0.2444444444444446
1 0.84375 0.23611111111111127 0.821875 0.23611111111111127 0.821875 0.32222222222222235 0.84375 0.32222222222222235
1 0.4875 0.2583333333333334 0.465625 0.2583333333333334 0.465625 0.3222222222222223 0.4875 0.3222222222222223
1 0.9640625 0.2944444444444447 0.934375 0.2944444444444447 0.934375 0.4055555555555557 0.9640625 0.4055555555555557
1 0.4359375 0.23888888888888896 0.415625 0.23888888888888896 0.415625 0.288888888888889 0.4359375 0.288888888888889
1 0.528125 0.20000000000000007 0.50625 0.20000000000000007 0.50625 0.24444444444444452 0.528125 0.24444444444444452
1 0.66875 0.19722222222222238 0.65 0.19722222222222238 0.65 0.24722222222222237 0.66875 0.24722222222222237