1 0.146875 0.721875 0.08671875 0.28203125
0 0.15703125 0.7015625 0.0359375 0.09140625
1 0.14765625 0.3828125 0.03125 0.1546875
1 0.209375 0.3515625 0.02890625 0.13203125
1 0.2984375 0.278125 0.0171875 0.0859375
1 0.2765625 0.253125 0.02421875 0.04375
1 0.33046875 0.26015625 0.0234375 0.07265625
1 0.41171875 0.23203125 0.021875 0.03046875
1 0.7 0.33046875 0.0234375 0.12734375
1 0.796875 0.278125 0.0171875 0.03203125
1 0.8375 0.2609375 0.02109375 0.08359375
1 0.8125 0.2328125 0.01640625 0.0265625
1 0.890625 0.353125 0.03203125 0.0453125
1 0.94765625 0.27109375 0.02734375 0.0875
1 0.684375 0.30390625 0.0125 0.11484375