1 0.17031250000000003 0.2861111111111111 0.1375 0.2861111111111111 0.1375 0.45555555555555555 0.17031250000000003 0.45555555555555555
1 0.6515625 0.2972222222222224 0.6234375 0.2972222222222224 0.6234375 0.4083333333333335 0.6515625 0.4083333333333335
1 0.07968750000000004 0.32222222222222224 0.0015625000000000222 0.32222222222222224 0.0015625000000000291 0.5277777777777778 0.07968750000000005 0.5277777777777778
1 0.8828125 0.23888888888888904 0.8578125 0.23888888888888904 0.8578125 0.3472222222222224 0.8828125 0.3472222222222224
1 0.4359375 0.23888888888888896 0.4109375 0.23888888888888896 0.4109375 0.2944444444444445 0.4359375 0.2944444444444445
1 0.5828125 0.23888888888888904 0.5640625 0.23888888888888904 0.5640625 0.3194444444444446 0.5828125 0.3194444444444446
1 0.903125 0.4972222222222224 0.815625 0.4972222222222224 0.815625 0.8194444444444448 0.903125 0.8194444444444448
1 0.3265625 0.21666666666666676 0.3 0.21666666666666676 0.3 0.31111111111111117 0.3265625 0.31111111111111117
1 0.784375 0.23611111111111127 0.765625 0.23611111111111127 0.765625 0.2944444444444446 0.784375 0.2944444444444446
1 0.840625 0.21111111111111128 0.8234375 0.21111111111111128 0.8234375 0.2444444444444446 0.840625 0.2444444444444446
1 0.4875 0.2583333333333334 0.465625 0.2583333333333334 0.465625 0.3222222222222223 0.4875 0.3222222222222223
1 0.8453125 0.23888888888888904 0.8203125 0.23888888888888904 0.8203125 0.32222222222222235 0.8453125 0.32222222222222235
1 1 0.35000000000000026 0.9734375 0.35000000000000026 0.9734375 0.43888888888888905 1 0.43888888888888905
1 1 0.2916666666666669 0.9734375 0.2916666666666669 0.9734375 0.37777777777777793 1 0.37777777777777793
1 0.4390625 0.21666666666666676 0.415625 0.21666666666666676 0.415625 0.2472222222222223 0.4390625 0.2472222222222223
1 0.534375 0.20000000000000007 0.5125 0.20000000000000007 0.5125 0.24444444444444452 0.534375 0.24444444444444452
1 0.7171875 0.20000000000000015 0.7015625 0.20000000000000015 0.7015625 0.24722222222222237 0.7171875 0.24722222222222237
0 0.8609375 0.6055555555555557 0.840625 0.6055555555555557 0.840625 0.6611111111111113 0.8609375 0.6611111111111113
0 0.6390625 0.3333333333333335 0.628125 0.3333333333333335 0.628125 0.3722222222222224 0.6390625 0.3722222222222224