0 0.1140625 0.6328125 0.03125 0.128125
0 0.43125 0.51015625 0.0234375 0.059375
1 0.134375 0.66640625 0.084375 0.29609375
1 0.0890625 0.47890625 0.05703125 0.1828125
1 0.06328125 0.39765625 0.03203125 0.14140625
1 0.171875 0.35546875 0.0390625 0.146875
1 0.1953125 0.34765625 0.02734375 0.12421875
1 0.21953125 0.328125 0.02265625 0.12734375
1 0.23984375 0.3125 0.02265625 0.1484375
1 0.121875 0.265625 0.0234375 0.05859375
1 0.28203125 0.29609375 0.03359375 0.0609375
1 0.33046875 0.26953125 0.03125 0.06484375
1 0.36796875 0.28359375 0.021875 0.05703125
1 0.4515625 0.47421875 0.046875 0.21796875
1 0.771875 0.44453125 0.04609375 0.16953125
1 0.7390625 0.41015625 0.03828125 0.15859375
1 0.70546875 0.23046875 0.021875 0.034375
1 0.6828125 0.30390625 0.01640625 0.121875
1 0.83359375 0.27578125 0.02265625 0.08359375
1 0.82265625 0.23125 0.02109375 0.0265625
1 0.8765625 0.29609375 0.025 0.10546875
1 0.9578125 0.275 0.02734375 0.08984375
1 0.43046875 0.22578125 0.0234375 0.03828125