1 0.17031250000000003 0.2861111111111111 0.1375 0.2861111111111111 0.1375 0.45555555555555555 0.17031250000000003 0.45555555555555555
1 0.09843750000000004 0.325 0.02343750000000002 0.325 0.023437500000000028 0.5222222222222223 0.09843750000000004 0.5222222222222223
1 0.6546875 0.2944444444444446 0.6265625 0.2944444444444446 0.6265625 0.41111111111111126 0.6546875 0.41111111111111126
1 0.4328125 0.23888888888888896 0.4125 0.23888888888888896 0.4125 0.288888888888889 0.4328125 0.288888888888889
1 0.70625 0.27222222222222237 0.675 0.27222222222222237 0.675 0.42500000000000016 0.70625 0.42500000000000016
1 0.5203125 0.23888888888888896 0.5 0.23888888888888896 0.5 0.36111111111111127 0.5203125 0.36111111111111127
1 0.8359375 0.21111111111111128 0.8140625 0.21111111111111128 0.8140625 0.24722222222222237 0.8359375 0.24722222222222237
1 0.3328125 0.21388888888888896 0.3109375 0.21388888888888896 0.3109375 0.2944444444444445 0.3328125 0.2944444444444445
1 0.4875 0.2583333333333334 0.4671875 0.2583333333333334 0.4671875 0.3222222222222223 0.4875 0.3222222222222223
1 0.84375 0.23888888888888904 0.821875 0.23888888888888904 0.821875 0.32222222222222235 0.84375 0.32222222222222235
1 0.6515625 0.24166666666666684 0.6296875 0.24166666666666684 0.6296875 0.3333333333333335 0.6515625 0.3333333333333335
1 0.415625 0.20833333333333343 0.4 0.20833333333333343 0.4 0.2472222222222223 0.415625 0.2472222222222223
1 0.528125 0.20277777777777786 0.5125 0.20277777777777786 0.5125 0.24166666666666675 0.528125 0.24166666666666675
1 0.71875 0.20000000000000015 0.7015625 0.20000000000000015 0.7015625 0.24722222222222237 0.71875 0.24722222222222237
1 0.665625 0.20277777777777795 0.6484375 0.20277777777777795 0.6484375 0.2444444444444446 0.665625 0.2444444444444446
0 0.6390625 0.33611111111111125 0.6265625 0.33611111111111125 0.6265625 0.37500000000000017 0.6390625 0.37500000000000017
0 0.70625 0.32222222222222235 0.69375 0.32222222222222235 0.69375 0.3583333333333335 0.70625 0.3583333333333335