1 0.153125 0.66171875 0.07265625 0.29609375
0 0.13671875 0.625 0.03671875 0.1125
1 0.4640625 0.53359375 0.0546875 0.24765625
0 0.44453125 0.58359375 0.0171875 0.06875
0 0.14765625 0.41015625 0.02890625 0.04765625
1 0.15 0.37421875 0.03671875 0.15859375
1 0.171875 0.35546875 0.03359375 0.1484375
1 0.19453125 0.3484375 0.028125 0.13125
1 0.21796875 0.32890625 0.02109375 0.128125
1 0.23125 0.31875 0.03046875 0.1484375
1 0.27109375 0.28671875 0.025 0.0765625
1 0.29609375 0.309375 0.03515625 0.07109375
1 0.24140625 0.2875 0.0171875 0.1015625
1 0.76328125 0.41953125 0.0484375 0.15078125
1 0.728125 0.39609375 0.0328125 0.146875
1 0.68359375 0.303125 0.01875 0.121875
1 0.8015625 0.2734375 0.0234375 0.04375
1 0.83203125 0.27421875 0.02109375 0.08046875
1 0.825 0.2296875 0.01640625 0.0328125
1 0.8765625 0.29609375 0.021875 0.103125
1 0.95859375 0.275 0.025 0.0953125
1 0.70390625 0.2328125 0.0234375 0.02890625