0 0.1109375 0.4765625 0.0359375 0.053125
1 0.071875 0.665625 0.0640625 0.3
1 0.05546875 0.4390625 0.05234375 0.1875
0 0.028125 0.3953125 0.025 0.0609375
1 0.109375 0.42890625 0.053125 0.1984375
1 0.165625 0.38046875 0.03984375 0.1546875
1 0.2234375 0.29921875 0.0328125 0.13203125
1 0.4828125 0.3453125 0.0359375 0.15625
1 0.73515625 0.4765625 0.05 0.22890625
1 0.6890625 0.3328125 0.02578125 0.13125
1 0.6578125 0.28515625 0.01640625 0.0671875
1 0.890625 0.303125 0.02421875 0.11875
1 0.921875 0.34453125 0.03984375 0.09140625
1 0.925 0.27734375 0.0328125 0.07265625
1 0.98203125 0.27109375 0.0234375 0.08203125
1 0.95625 0.23359375 0.025 0.0328125