1 0.38671875 0.74453125 0.1140625 0.346875
1 0.1140625 0.42265625 0.046875 0.196875
1 0.04296875 0.44296875 0.04609375 0.19609375
0 0.11875 0.46015625 0.03125 0.04765625
0 0.08125 0.56484375 0.028125 0.0421875
0 0.77890625 0.428125 0.01484375 0.059375
1 0.2140625 0.34921875 0.03046875 0.12421875
1 0.2171875 0.2953125 0.0328125 0.12578125
1 0.1625 0.26640625 0.0171875 0.040625
1 0.46015625 0.3015625 0.02578125 0.11875
1 0.53671875 0.2234375 0.01875 0.04765625
1 0.7703125 0.43125 0.02890625 0.19609375
1 0.6828125 0.30625 0.0140625 0.11484375
1 0.88359375 0.31484375 0.0296875 0.08984375
1 0.9328125 0.28515625 0.0296875 0.0859375
1 0.959375 0.28359375 0.025 0.08046875
1 0.934375 0.23125 0.01640625 0.02890625
1 0.99296875 0.278125 0.0140625 0.09375