1 0.23984375 0.71328125 0.09375 0.31640625
0 0.25078125 0.68203125 0.03671875 0.146875
1 0.13984375 0.3875 0.02890625 0.1453125
1 0.190625 0.3703125 0.0390625 0.153125
1 0.28125 0.29765625 0.02578125 0.12734375
1 0.2953125 0.278125 0.0203125 0.09765625
1 0.328125 0.2625 0.03515625 0.07265625
1 0.68671875 0.375 0.0265625 0.16015625
1 0.84140625 0.29453125 0.02734375 0.07578125
1 0.89765625 0.35859375 0.03046875 0.05
1 0.9484375 0.26484375 0.0234375 0.08046875
1 0.9796875 0.2328125 0.01953125 0.02890625
1 0.840625 0.22734375 0.0140625 0.02890625
1 0.8109375 0.2328125 0.0234375 0.034375
1 0.71015625 0.22109375 0.0171875 0.0453125