1 0.034375000000000024 0.2962962962962963 0.0005208333333333537 0.2962962962962963 0.0005208333333333576 0.4111111111111111 0.03437500000000003 0.4111111111111111
1 0.190625 0.24722222222222223 0.15677083333333333 0.24722222222222223 0.15677083333333333 0.3074074074074074 0.190625 0.3074074074074074
1 0.42864583333333334 0.20555555555555566 0.40677083333333336 0.20555555555555566 0.40677083333333336 0.2453703703703705 0.42864583333333334 0.2453703703703705
1 0.6609375 0.20740740740740757 0.6526041666666667 0.20740740740740757 0.6526041666666667 0.25092592592592605 0.6609375 0.25092592592592605
1 0.8291666666666667 0.2157407407407409 0.8140625 0.2157407407407409 0.8140625 0.25092592592592616 0.8291666666666667 0.25092592592592616
1 0.8432291666666667 0.21018518518518534 0.8291666666666667 0.21018518518518534 0.8291666666666667 0.24907407407407428 0.8432291666666667 0.24907407407407428
1 0.9057291666666667 0.21851851851851872 0.8927083333333333 0.21851851851851872 0.8927083333333333 0.24722222222222243 0.9057291666666667 0.24722222222222243
1 0.95625 0.23333333333333353 0.9322916666666666 0.23333333333333353 0.9322916666666666 0.30740740740740763 0.95625 0.30740740740740763
1 0.9838541666666667 0.21944444444444466 0.965625 0.21944444444444466 0.965625 0.30925925925925946 0.9838541666666667 0.30925925925925946
1 1 0.33055555555555577 0.98125 0.33055555555555577 0.98125 0.43611111111111134 1 0.43611111111111134
1 0.7197916666666667 0.20000000000000015 0.7072916666666667 0.20000000000000015 0.7072916666666667 0.2537037037037038 0.7197916666666667 0.2537037037037038