1 0.86640625 0.66640625 0.08984375 0.3171875
0 0.0796875 0.5625 0.0296875 0.03984375
0 0.1109375 0.46796875 0.03203125 0.04765625
1 0.08125 0.496875 0.05390625 0.11796875
1 0.02890625 0.43984375 0.05703125 0.17578125
1 0.11171875 0.42421875 0.04453125 0.19453125
1 0.0328125 0.3296875 0.03671875 0.0625
1 0.178125 0.37890625 0.03515625 0.1546875
1 0.2171875 0.29609375 0.03125 0.12421875
1 0.15234375 0.271875 0.0171875 0.04921875
1 0.496875 0.41328125 0.03203125 0.1890625
1 0.6828125 0.30546875 0.01015625 0.11640625
1 0.93359375 0.35078125 0.046875 0.0953125
1 0.98125 0.278125 0.02265625 0.08359375
1 0.978125 0.23203125 0.01875 0.025
1 0.92265625 0.290625 0.028125 0.0953125
1 0.91015625 0.23515625 0.01328125 0.0359375
1 0.8890625 0.3015625 0.0234375 0.12421875
1 0.86484375 0.303125 0.0234375 0.09296875
1 0.84296875 0.30390625 0.02109375 0.06640625
1 0.80546875 0.27578125 0.0234375 0.04375
1 0.74140625 0.22578125 0.01875 0.0328125