1 0.01640625 0.50546875 0.0328125 0.2078125
1 0.1859375 0.34609375 0.0375 0.1625
1 0.19453125 0.3421875 0.02109375 0.13671875
1 0.29921875 0.2953125 0.02265625 0.09609375
1 0.3140625 0.29140625 0.01015625 0.0375
0 0.303125 0.2828125 0.01171875 0.0296875
1 0.228125 0.27734375 0.02421875 0.09609375
1 0.52109375 0.21796875 0.01875 0.05
1 0.5625 0.21796875 0.01015625 0.05
1 0.65234375 0.22421875 0.0140625 0.040625
1 0.709375 0.2203125 0.0203125 0.04140625
1 0.7484375 0.225 0.01875 0.0390625
1 0.796875 0.2125 0.01328125 0.028125
1 0.79375 0.26875 0.02265625 0.05
1 0.81484375 0.27890625 0.01875 0.040625
1 0.85234375 0.3140625 0.034375 0.05859375
1 0.97578125 0.278125 0.0296875 0.0828125
1 0.953125 0.2359375 0.015625 0.03046875