1 0.17812500000000003 0.6055555555555555 0.11250000000000004 0.6055555555555555 0.11250000000000004 0.8694444444444445 0.17812500000000003 0.8694444444444445
1 0.08437500000000003 0.3388888888888889 0.026562500000000024 0.3388888888888889 0.026562500000000027 0.5444444444444444 0.08437500000000005 0.5444444444444444
1 0.428125 0.23888888888888896 0.409375 0.23888888888888896 0.409375 0.2944444444444445 0.428125 0.2944444444444445
1 0.515625 0.23888888888888896 0.4953125 0.23888888888888896 0.4953125 0.36111111111111127 0.515625 0.36111111111111127
1 0.9859375 0.23333333333333356 0.95 0.23333333333333356 0.95 0.3194444444444447 0.9859375 0.3194444444444447
1 0.2734375 0.2222222222222223 0.25 0.2222222222222223 0.25 0.31666666666666676 0.2734375 0.31666666666666676
1 0.7640625 0.23611111111111127 0.75 0.23611111111111127 0.75 0.29166666666666685 0.7640625 0.29166666666666685
1 0.37812500000000004 0.538888888888889 0.3078125 0.5388888888888889 0.30781250000000004 0.8305555555555556 0.3781250000000001 0.8305555555555556
1 0.4875 0.2583333333333334 0.4625 0.2583333333333334 0.4625 0.3472222222222223 0.4875 0.3472222222222223
1 0.8453125 0.23888888888888904 0.8234375 0.23888888888888904 0.8234375 0.3250000000000002 0.8453125 0.3250000000000002
1 0.95625 0.2805555555555558 0.90625 0.2805555555555557 0.90625 0.38333333333333347 0.95625 0.38333333333333347
1 0.584375 0.23611111111111127 0.5671875 0.23611111111111127 0.5671875 0.3194444444444446 0.584375 0.3194444444444446
1 0.1828125 0.22222222222222227 0.1625 0.2222222222222222 0.1625 0.2972222222222223 0.1828125 0.2972222222222223
1 0.909375 0.23333333333333353 0.8828125 0.2333333333333335 0.8828125 0.3222222222222224 0.909375 0.32222222222222247
0 0.5171875 0.41666666666666685 0.4953125 0.41666666666666685 0.4953125 0.45277777777777795 0.5171875 0.45277777777777795
1 0.5296875 0.20277777777777786 0.5109375 0.20277777777777786 0.5109375 0.2472222222222223 0.5296875 0.2472222222222223