1 0.19062500000000002 0.28611111111111115 0.159375 0.2861111111111111 0.15937500000000002 0.4527777777777778 0.19062500000000004 0.4527777777777778
1 0.2328125 0.27777777777777785 0.2078125 0.27777777777777785 0.2078125 0.40555555555555556 0.2328125 0.40555555555555556
1 0.4140625 0.2527777777777779 0.3859375 0.2527777777777779 0.3859375 0.3583333333333335 0.4140625 0.3583333333333335
1 0.3375 0.25000000000000006 0.30625 0.25000000000000006 0.30625 0.31111111111111117 0.3375 0.31111111111111117
1 0.4515625 0.24166666666666675 0.4265625 0.24166666666666675 0.4265625 0.3500000000000001 0.4515625 0.3500000000000001
1 0.55625 0.24166666666666678 0.534375 0.24166666666666675 0.534375 0.3000000000000001 0.55625 0.30000000000000016
1 0.21875 0.2250000000000001 0.1984375 0.2250000000000001 0.1984375 0.3222222222222223 0.21875 0.3222222222222223
1 0.4859375 0.2583333333333334 0.4640625 0.2583333333333334 0.4640625 0.31944444444444453 0.4859375 0.31944444444444453
1 0.4421875 0.38333333333333347 0.3875 0.38333333333333347 0.3875 0.5166666666666668 0.4421875 0.5166666666666668
1 0.4453125 0.21944444444444453 0.421875 0.21944444444444453 0.421875 0.24444444444444452 0.4453125 0.24444444444444452
1 0.5375 0.1972222222222223 0.51875 0.1972222222222223 0.51875 0.24166666666666675 0.5375 0.24166666666666675
1 0.665625 0.20833333333333348 0.6484375 0.20833333333333348 0.6484375 0.24722222222222237 0.665625 0.24722222222222237
1 0.71875 0.20000000000000015 0.7046875 0.20000000000000015 0.7046875 0.2444444444444446 0.71875 0.2444444444444446
1 0.73125 0.2694444444444446 0.709375 0.2694444444444446 0.709375 0.32222222222222235 0.73125 0.32222222222222235
1 0.83125 0.21111111111111128 0.809375 0.21111111111111128 0.809375 0.2444444444444446 0.83125 0.2444444444444446
1 0.8453125 0.23888888888888904 0.81875 0.23888888888888904 0.81875 0.30000000000000016 0.8453125 0.30000000000000016
1 0.84375 0.2055555555555557 0.8265625 0.2055555555555557 0.8265625 0.24166666666666684 0.84375 0.24166666666666684