1 0.07343750000000006 0.3578125 0.025000000000000043 0.3578125 0.025000000000000057 0.5328125 0.07343750000000007 0.5328125
1 0.08281250000000008 0.490625 6.008423358316702e-17 0.490625 7.912366428866103e-17 0.8015625 0.0828125000000001 0.8015625
1 0.253125 0.215625 0.221875 0.215625 0.221875 0.325 0.253125 0.325
1 0.378125 0.25000000000000006 0.353125 0.25 0.353125 0.31875000000000003 0.378125 0.3187500000000001
1 0.4734375 0.34843750000000007 0.4171875 0.34843750000000007 0.4171875 0.55 0.4734375 0.55
1 0.5203125 0.34843750000000007 0.4796875 0.34843750000000007 0.4796875 0.5296875 0.5203125 0.5296875
1 0.6375 0.2609375000000001 0.6078125 0.2609375000000001 0.6078125 0.3578125000000001 0.6375 0.3578125000000001
1 0.8515625 0.2296875000000001 0.821875 0.2296875000000001 0.821875 0.32500000000000007 0.8515625 0.32500000000000007
1 0.9203125 0.23437500000000008 0.9 0.23437500000000008 0.9 0.34843750000000007 0.9203125 0.34843750000000007
1 0.9890625 0.3031250000000001 0.95 0.3031250000000001 0.95 0.3921875000000001 0.9890625 0.3921875000000001
1 0.9546875 0.21250000000000008 0.9296875 0.21250000000000008 0.9296875 0.2562500000000001 0.9546875 0.2562500000000001