1 0.16979166666666667 0.23518518518518525 0.15416666666666667 0.23518518518518525 0.15416666666666667 0.30185185185185187 0.16979166666666667 0.30185185185185187
1 0.4296875 0.20925925925925937 0.40677083333333336 0.20925925925925937 0.40677083333333336 0.2500000000000001 0.4296875 0.2500000000000001
1 0.7239583333333334 0.22870370370370385 0.7067708333333333 0.22870370370370385 0.7067708333333333 0.36296296296296304 0.7239583333333334 0.36296296296296304
1 0.6692708333333334 0.20740740740740757 0.659375 0.20740740740740757 0.659375 0.25555555555555565 0.6692708333333334 0.25555555555555565
1 0.725 0.2009259259259261 0.7036458333333333 0.2009259259259261 0.7036458333333333 0.2462962962962964 0.725 0.2462962962962964
1 0.8203125 0.19722222222222238 0.8015625 0.19722222222222238 0.8015625 0.25185185185185205 0.8203125 0.25185185185185205
1 0.8010416666666667 0.18888888888888905 0.7859375 0.18888888888888905 0.7859375 0.22870370370370385 0.8010416666666667 0.22870370370370385
1 0.8390625 0.21018518518518534 0.8213541666666667 0.21018518518518534 0.8213541666666667 0.24444444444444466 0.8390625 0.24444444444444466
1 0.9135416666666667 0.21574074074074095 0.89375 0.21574074074074095 0.89375 0.2462962962962965 0.9135416666666667 0.2462962962962965
1 0.990625 0.22685185185185205 0.9598958333333333 0.22685185185185205 0.9598958333333333 0.31574074074074093 0.990625 0.31574074074074093
1 0.8213541666666667 0.2685185185185187 0.8072916666666666 0.2685185185185187 0.8072916666666666 0.29907407407407427 0.8213541666666667 0.29907407407407427