0 0.13671875 0.625 0.0390625 0.12578125
0 0.43828125 0.56171875 0.01953125 0.06484375
0 0.12734375 0.42421875 0.028125 0.059375
1 0.15234375 0.66171875 0.0734375 0.29765625
1 0.14296875 0.3890625 0.0421875 0.171875
1 0.02890625 0.3375 0.015625 0.03671875
1 0.17265625 0.35546875 0.0375 0.14921875
1 0.1953125 0.34453125 0.02890625 0.13359375
1 0.21875 0.328125 0.02578125 0.12421875
1 0.240625 0.3125 0.02421875 0.14453125
1 0.2921875 0.30234375 0.034375 0.0625
1 0.2890625 0.278125 0.0296875 0.0703125
1 0.29453125 0.24453125 0.0234375 0.0453125
1 0.46015625 0.53125 0.04375 0.2578125
1 0.76015625 0.42109375 0.04140625 0.15234375
1 0.73515625 0.40625 0.02578125 0.1453125
1 0.684375 0.30859375 0.0140625 0.12421875
1 0.703125 0.228125 0.02421875 0.028125
1 0.42578125 0.22421875 0.0296875 0.0359375
1 0.8296875 0.2265625 0.01796875 0.03203125
1 0.8078125 0.2734375 0.025 0.05
1 0.834375 0.27734375 0.021875 0.08828125
1 0.875 0.2953125 0.0234375 0.10546875
1 0.8625 0.2265625 0.02109375 0.0359375
1 0.90546875 0.23203125 0.0234375 0.03046875
1 0.9609375 0.271875 0.02890625 0.08828125
1 0.98828125 0.40859375 0.0234375 0.06328125