1 0.20468750000000008 0.55625 0.10781250000000009 0.55625 0.10781250000000009 0.878125 0.20468750000000008 0.878125
0 0.14062500000000008 0.675 0.0906250000000001 0.675 0.0906250000000001 0.7203125 0.14062500000000008 0.7203125
0 0.1937500000000001 0.7 0.17343750000000008 0.7 0.17343750000000008 0.7515625 0.1937500000000001 0.7515625
1 0.928125 0.2531250000000001 0.8828125 0.2531250000000001 0.8828125 0.3687500000000001 0.928125 0.3687500000000001
1 0.9765625 0.23437500000000008 0.953125 0.23437500000000008 0.953125 0.3234375000000001 0.9765625 0.3234375000000001
1 0.9375 0.2312500000000001 0.91875 0.2312500000000001 0.91875 0.30937500000000007 0.9375 0.30937500000000007
1 0.9109375 0.2171875000000001 0.8890625 0.2171875000000001 0.8890625 0.2515625000000001 0.9109375 0.2515625000000001
1 0.765625 0.2406250000000001 0.7421875 0.2406250000000001 0.7421875 0.2968750000000001 0.765625 0.2968750000000001
1 0.8421875 0.21093750000000008 0.8203125 0.21093750000000008 0.8203125 0.2515625000000001 0.8421875 0.2515625000000001
1 0.703125 0.2468750000000001 0.6796875 0.2468750000000001 0.6796875 0.3656250000000001 0.703125 0.3656250000000001
1 0.54375 0.34062500000000007 0.509375 0.34062500000000007 0.509375 0.4515625 0.54375 0.4515625