1 0.73125 0.2555555555555557 0.7 0.2555555555555557 0.7 0.39166666666666683 0.73125 0.39166666666666683
1 0.15937500000000002 0.31666666666666665 0.1046875 0.31666666666666665 0.10468750000000002 0.5166666666666667 0.15937500000000004 0.5166666666666667
1 0.17031250000000003 0.2861111111111111 0.1375 0.2861111111111111 0.1375 0.45555555555555555 0.17031250000000003 0.45555555555555555
1 0.8375 0.21111111111111128 0.8140625 0.21111111111111128 0.8140625 0.24722222222222237 0.8375 0.24722222222222237
1 0.653125 0.2944444444444446 0.628125 0.2944444444444446 0.628125 0.4083333333333335 0.653125 0.4083333333333335
1 0.3328125 0.21388888888888896 0.30625 0.21388888888888896 0.30625 0.2944444444444445 0.3328125 0.2944444444444445
1 0.5703125 0.2055555555555557 0.55625 0.2055555555555557 0.55625 0.2444444444444446 0.5703125 0.2444444444444446
1 0.4875 0.2583333333333334 0.4640625 0.2583333333333334 0.4640625 0.31944444444444453 0.4875 0.31944444444444453
1 0.84375 0.23611111111111127 0.821875 0.23611111111111127 0.821875 0.32222222222222235 0.84375 0.32222222222222235
1 0.434375 0.23888888888888896 0.4 0.23888888888888896 0.4 0.3805555555555557 0.434375 0.3805555555555557
1 0.43125 0.24166666666666675 0.4125 0.24166666666666675 0.4125 0.288888888888889 0.43125 0.288888888888889
1 0.415625 0.2111111111111112 0.3984375 0.2111111111111112 0.3984375 0.2472222222222223 0.415625 0.2472222222222223
1 0.5296875 0.1972222222222223 0.5078125 0.1972222222222223 0.5078125 0.24444444444444452 0.5296875 0.24444444444444452
1 0.66875 0.22777777777777794 0.65625 0.22777777777777794 0.65625 0.3305555555555557 0.66875 0.3305555555555557
1 0.6546875 0.23888888888888904 0.63125 0.23888888888888904 0.63125 0.3055555555555557 0.6546875 0.3055555555555557
1 0.71875 0.20000000000000015 0.7015625 0.20000000000000015 0.7015625 0.24722222222222237 0.71875 0.24722222222222237
1 0.9921875 0.3138888888888891 0.9546875 0.3138888888888891 0.9546875 0.4277777777777779 0.9921875 0.4277777777777779
0 0.6375 0.3388888888888891 0.628125 0.3388888888888891 0.628125 0.3805555555555557 0.6375 0.3805555555555557
0 0.7171875 0.30000000000000016 0.7078125 0.30000000000000016 0.7078125 0.3250000000000002 0.7171875 0.3250000000000002