1 0.03046875 0.6828125 0.0609375 0.26015625
1 0.1484375 0.4046875 0.04609375 0.1828125
1 0.07109375 0.3296875 0.0125 0.0484375
1 0.4078125 0.55078125 0.05078125 0.23515625
1 0.3828125 0.44609375 0.04453125 0.1453125
1 0.25 0.37734375 0.0375 0.15234375
1 0.26796875 0.3265625 0.0171875 0.090625
1 0.28046875 0.27265625 0.02109375 0.04296875
1 0.30078125 0.26484375 0.0265625 0.065625
1 0.22421875 0.27890625 0.02109375 0.1015625
0 0.2171875 0.28203125 0.01328125 0.01875
1 0.2859375 0.2875 0.00703125 0.01328125
1 0.45234375 0.29375 0.021875 0.10625
1 0.4375 0.2296875 0.01875 0.025
1 0.55859375 0.21484375 0.015625 0.05546875
1 0.6546875 0.22265625 0.0140625 0.0375
1 0.7078125 0.2296875 0.01796875 0.0265625
1 0.80703125 0.25859375 0.01796875 0.0703125
1 0.871875 0.31953125 0.02578125 0.07421875
1 0.8984375 0.28828125 0.02578125 0.11015625
1 0.96328125 0.23125 0.021875 0.0296875