1 0.03515625 0.45390625 0.06640625 0.1796875
0 0.05703125 0.4921875 0.0359375 0.05859375
1 0.17109375 0.3765625 0.0390625 0.16015625
1 0.2140625 0.296875 0.0265625 0.128125
1 0.15390625 0.271875 0.025 0.0515625
1 0.2265625 0.68515625 0.0984375 0.30703125
1 0.69765625 0.4125 0.0453125 0.19609375
1 0.6203125 0.22578125 0.021875 0.04375
1 0.5703125 0.29296875 0.01875 0.06484375
1 0.890625 0.30078125 0.025 0.12578125
1 0.921875 0.3453125 0.0328125 0.0953125
1 0.92421875 0.278125 0.0296875 0.07421875
1 0.9796875 0.27109375 0.03359375 0.0875
1 0.9546875 0.234375 0.028125 0.03203125
1 0.91015625 0.23046875 0.01640625 0.0265625
1 0.52265625 0.225 0.02109375 0.0453125