1 0.10468750000000007 0.4234375 0.02031250000000005 0.4234375 0.020312500000000067 0.6765625 0.10468750000000009 0.6765625
1 0.05937500000000005 0.35625 0.025000000000000043 0.35625 0.02500000000000005 0.45625 0.05937500000000007 0.45625
1 0.2765625 0.2140625 0.2484375 0.2140625 0.2484375 0.325 0.2765625 0.325
1 0.31875 0.215625 0.2875 0.215625 0.2875 0.3296875 0.31875 0.3296875
1 0.3796875 0.2515625 0.3546875 0.2515625 0.3546875 0.31562500000000004 0.3796875 0.3156250000000001
1 0.51875 0.32500000000000007 0.48125 0.32500000000000007 0.48125 0.5171875 0.51875 0.5171875
1 0.5546875 0.3421875000000001 0.5203125 0.3421875000000001 0.5203125 0.4390625 0.5546875 0.4390625
1 0.63125 0.2671875000000001 0.603125 0.2671875000000001 0.603125 0.3578125000000001 0.63125 0.3578125000000001
1 0.9296875 0.2875000000000001 0.896875 0.2875000000000001 0.896875 0.37187500000000007 0.9296875 0.37187500000000007
1 0.871875 0.22656250000000008 0.840625 0.22656250000000008 0.840625 0.3437500000000001 0.871875 0.3437500000000001
1 0.921875 0.23437500000000008 0.9 0.23437500000000008 0.9 0.3390625000000001 0.921875 0.3390625000000001