1 0.05234375 0.5203125 0.06953125 0.234375
1 0.01875 0.42578125 0.03671875 0.10859375
1 0.14765625 0.44921875 0.05 0.18671875
1 0.134375 0.39140625 0.03359375 0.16640625
1 0.165625 0.37578125 0.03203125 0.16796875
0 0.125 0.37578125 0.009375 0.0265625
1 0.21953125 0.271875 0.01953125 0.090625
1 0.31640625 0.259375 0.0171875 0.0859375
1 0.29453125 0.24921875 0.00859375 0.0140625
1 0.30625 0.26796875 0.01640625 0.07265625
0 0.3203125 0.24921875 0.009375 0.0265625
1 0.4640625 0.29296875 0.03984375 0.10859375
1 0.484375 0.6796875 0.078125 0.325
1 0.53125 0.728125 0.0671875 0.36875
1 0.928125 0.6515625 0.07421875 0.296875
1 0.68515625 0.29453125 0.01484375 0.06640625
1 0.521875 0.221875 0.0140625 0.04453125
1 0.66015625 0.2234375 0.01640625 0.03671875
1 0.690625 0.23125 0.02109375 0.025
1 0.6921875 0.29765625 0.0203125 0.1109375
1 0.81171875 0.22890625 0.0234375 0.0359375
1 0.85859375 0.3109375 0.02265625 0.0703125
1 0.88671875 0.31015625 0.0375 0.09375
1 0.92109375 0.27578125 0.0296875 0.08125
1 0.9890625 0.26953125 0.021875 0.0796875
1 0.7125 0.2203125 0.01328125 0.03828125
1 0.8 0.21875 0.015625 0.04140625
1 0.875 0.23046875 0.0234375 0.034375