1 0.2484375 0.359375 0.03359375 0.13515625
1 0.28125 0.3125 0.0203125 0.0671875
0 0.28359375 0.34453125 0.015625 0.03828125
1 0.21328125 0.27109375 0.021875 0.09453125
1 0.1296875 0.25703125 0.0140625 0.0703125
1 0.35390625 0.4921875 0.07109375 0.22734375
1 0.52890625 0.390625 0.046875 0.08203125
1 0.4390625 0.29453125 0.0296875 0.10703125
1 0.525 0.23046875 0.015625 0.0265625
1 0.54375 0.21328125 0.0125 0.0515625
1 0.65625 0.22578125 0.00859375 0.03828125
1 0.690625 0.234375 0.01875 0.02265625
1 0.7109375 0.22109375 0.01171875 0.040625
1 0.83828125 0.275 0.0171875 0.10625
1 0.8953125 0.34921875 0.02890625 0.05625
1 0.9046875 0.28828125 0.028125 0.10625
1 0.87421875 0.22890625 0.015625 0.03359375
1 0.90078125 0.23046875 0.01640625 0.0328125