1 0.0546875 0.59609375 0.07578125 0.26875
1 0.02734375 0.40703125 0.05078125 0.0953125
1 0.1125 0.425 0.04609375 0.2
1 0.06796875 0.31875 0.02421875 0.06875
1 0.1640625 0.37734375 0.0359375 0.1546875
1 0.21796875 0.29921875 0.03515625 0.1296875
1 0.47421875 0.409375 0.02734375 0.19140625
1 0.815625 0.6203125 0.0734375 0.30703125
1 0.78046875 0.2765625 0.02734375 0.0421875
1 0.88984375 0.30078125 0.02265625 0.12265625
1 0.928125 0.34453125 0.0359375 0.09140625
1 0.9828125 0.275 0.0203125 0.0796875
1 0.97890625 0.23203125 0.0203125 0.028125
1 0.91484375 0.29921875 0.0203125 0.08203125
1 0.9296875 0.27578125 0.015625 0.0671875
1 0.91015625 0.23203125 0.01640625 0.025
1 0.70390625 0.2265625 0.0203125 0.03203125
1 0.684375 0.3078125 0.0140625 0.1203125
1 0.1515625 0.2734375 0.01875 0.04765625
0 0.1109375 0.46953125 0.034375 0.053125