1 0.1328125 0.4 0.03125 0.14921875
1 0.15390625 0.37890625 0.03515625 0.1625
1 0.21875 0.3 0.02890625 0.1296875
1 0.146875 0.278125 0.02109375 0.05390625
1 0.2734375 0.25390625 0.025 0.04765625
1 0.2984375 0.28203125 0.02109375 0.09921875
1 0.4265625 0.43671875 0.05546875 0.17734375
1 0.68984375 0.6921875 0.05703125 0.28671875
0 0.61796875 0.6703125 0.04609375 0.05859375
1 0.38671875 0.28203125 0.0203125 0.07109375
1 0.50390625 0.228125 0.0234375 0.0359375
1 0.68203125 0.30390625 0.01796875 0.12578125
1 0.66015625 0.23125 0.0171875 0.03203125
1 0.8359375 0.2796875 0.02265625 0.09375
1 0.8203125 0.23359375 0.02109375 0.03046875
1 0.88984375 0.228125 0.0171875 0.03828125
1 0.90625 0.2296875 0.0171875 0.0359375
1 0.94453125 0.271875 0.021875 0.096875
1 0.89140625 0.3515625 0.03359375 0.0515625
1 0.94609375 0.38671875 0.03125 0.0625
0 0.7171875 0.6953125 0.025 0.07265625
0 0.4796875 0.4078125 0.02578125 0.03046875