1 0.3453125 0.55 0.2 0.55 0.20000000000000004 0.9138888888888889 0.3453125000000001 0.9138888888888889
1 0.17031250000000003 0.2861111111111111 0.1359375 0.2861111111111111 0.13593750000000002 0.45555555555555555 0.17031250000000003 0.45555555555555555
1 0.9296875 0.327777777777778 0.9 0.32777777777777795 0.9 0.39166666666666683 0.9296875 0.39166666666666683
1 0.3359375 0.21666666666666676 0.3015625 0.21666666666666676 0.3015625 0.2944444444444445 0.3359375 0.2944444444444445
1 0.6671875 0.22222222222222238 0.6421875 0.22222222222222238 0.6421875 0.34166666666666684 0.6671875 0.34166666666666684
1 0.6390625 0.24166666666666684 0.61875 0.24166666666666684 0.61875 0.3444444444444446 0.6390625 0.3444444444444446
1 0.221875 0.2250000000000001 0.196875 0.2250000000000001 0.19687500000000002 0.35277777777777786 0.221875 0.35277777777777786
1 0.4875 0.2583333333333334 0.4640625 0.2583333333333334 0.4640625 0.3472222222222223 0.4875 0.3472222222222223
1 0.84375 0.23888888888888904 0.821875 0.23888888888888904 0.821875 0.32222222222222235 0.84375 0.32222222222222235
1 0.4328125 0.23888888888888896 0.4125 0.23888888888888896 0.4125 0.29166666666666674 0.4328125 0.29166666666666674
1 0.4421875 0.26388888888888895 0.4109375 0.26388888888888895 0.4109375 0.39166666666666683 0.4421875 0.39166666666666683
1 0.721875 0.19722222222222238 0.7 0.19722222222222238 0.7 0.25000000000000017 0.721875 0.25000000000000017
1 0.5328125 0.20000000000000007 0.5109375 0.20000000000000007 0.5109375 0.24444444444444452 0.5328125 0.24444444444444452
1 0.66875 0.20277777777777795 0.6484375 0.20277777777777795 0.6484375 0.24166666666666684 0.66875 0.24166666666666684
1 0.84375 0.20833333333333348 0.8296875 0.20833333333333348 0.8296875 0.2444444444444446 0.84375 0.2444444444444446
1 0.4203125 0.21666666666666676 0.4 0.21666666666666676 0.4 0.2472222222222223 0.4203125 0.2472222222222223