1 0.13828125 0.40546875 0.04140625 0.1984375
1 0.15234375 0.39609375 0.0296875 0.1671875
1 0.2484375 0.34765625 0.028125 0.125
1 0.2765625 0.32890625 0.03046875 0.103125
0 0.2875 0.334375 0.0109375 0.03359375
1 0.2625 0.26953125 0.015625 0.09609375
0 0.2671875 0.25234375 0.0078125 0.02578125
1 0.2515625 0.24765625 0.0078125 0.02421875
1 0.21171875 0.27890625 0.02578125 0.0984375
1 0.45234375 0.29375 0.01875 0.11015625
1 0.5171875 0.22265625 0.0234375 0.040625
1 0.5640625 0.2296875 0.0140625 0.02734375
1 0.65625 0.225 0.01875 0.0375
1 0.69140625 0.234375 0.01796875 0.01953125
1 0.7109375 0.221875 0.0140625 0.0421875
1 0.834375 0.29921875 0.02421875 0.053125
1 0.86875 0.31015625 0.021875 0.08828125
1 0.88203125 0.3359375 0.0203125 0.0546875
1 0.9171875 0.275 0.025 0.0859375
1 0.8671875 0.23125 0.0171875 0.03515625
1 0.81796875 0.26171875 0.01875 0.07578125
1 0.95703125 0.23125 0.01640625 0.03671875
1 0.81484375 0.23046875 0.015625 0.028125
1 0.821875 0.22734375 0.0125 0.03359375