1 0.07109375 0.3375 0.015625 0.06171875
1 0.2515625 0.3703125 0.03359375 0.1375
1 0.21640625 0.315625 0.02734375 0.128125
1 0.2265625 0.28671875 0.0203125 0.090625
1 0.27890625 0.32734375 0.03203125 0.12421875
0 0.2671875 0.33203125 0.01171875 0.02890625
1 0.371875 0.4515625 0.04609375 0.16875
1 0.41875 0.52734375 0.0546875 0.209375
1 0.43828125 0.29453125 0.03046875 0.10703125
1 0.48203125 0.228125 0.01484375 0.0328125
1 0.54921875 0.19453125 0.009375 0.0171875
1 0.56015625 0.21875 0.01171875 0.04375
1 0.6578125 0.22421875 0.01484375 0.03671875
1 0.69765625 0.23203125 0.01953125 0.02734375
1 0.7125 0.2203125 0.0125 0.04140625
1 0.80546875 0.225 0.01328125 0.03828125
1 0.896875 0.35 0.0296875 0.06015625
1 0.8671875 0.2859375 0.025 0.12421875
1 0.903125 0.284375 0.0265625 0.096875
1 0.90078125 0.23046875 0.01875 0.03203125