1 0.42864583333333334 0.20092592592592604 0.40572916666666664 0.20092592592592604 0.40572916666666664 0.2425925925925927 0.42864583333333334 0.2425925925925927
1 0.665625 0.19722222222222238 0.6479166666666667 0.19722222222222238 0.6479166666666667 0.24907407407407417 0.665625 0.24907407407407417
1 0.7270833333333333 0.19722222222222238 0.7098958333333333 0.19722222222222238 0.7098958333333333 0.24629629629629646 0.7270833333333333 0.2462962962962965
1 0.7572916666666667 0.19722222222222238 0.7375 0.19722222222222238 0.7375 0.24907407407407428 0.7572916666666667 0.24907407407407428
1 0.8354166666666667 0.2194444444444446 0.8177083333333334 0.2194444444444446 0.8177083333333334 0.2500000000000002 0.8354166666666667 0.2500000000000002
1 0.9645833333333333 0.3462962962962965 0.9328125 0.3462962962962965 0.9328125 0.4129629629629632 0.9645833333333333 0.4129629629629632
1 0.8411458333333334 0.20740740740740757 0.8328125 0.20740740740740757 0.8328125 0.24537037037037057 0.8411458333333334 0.24537037037037057
1 0.9692708333333333 0.24444444444444466 0.9536458333333333 0.24444444444444466 0.9536458333333333 0.3240740740740743 0.9692708333333333 0.3240740740740743
1 0.9911458333333333 0.26111111111111135 0.9677083333333333 0.26111111111111135 0.9677083333333333 0.31574074074074093 0.9911458333333333 0.31574074074074093
1 0.9557291666666666 0.23703703703703724 0.9380208333333333 0.23703703703703724 0.9380208333333333 0.302777777777778 0.9557291666666666 0.302777777777778
1 0.984375 0.23333333333333353 0.96875 0.23333333333333353 0.96875 0.3037037037037039 0.984375 0.3037037037037039
1 0.1734375 0.23796296296296296 0.140625 0.23796296296296296 0.140625 0.3055555555555556 0.1734375 0.3055555555555556