1 0.7546875 0.35000000000000014 0.7109375 0.35000000000000014 0.7109375 0.5694444444444446 0.7546875 0.5694444444444446
1 0.17031250000000003 0.2861111111111111 0.1359375 0.2861111111111111 0.13593750000000002 0.45555555555555555 0.17031250000000003 0.45555555555555555
1 0.09843750000000004 0.32222222222222224 0.029687500000000023 0.32222222222222224 0.029687500000000026 0.5333333333333333 0.09843750000000004 0.5333333333333333
1 0.29375 0.21944444444444453 0.2609375 0.21944444444444453 0.2609375 0.31666666666666676 0.29375 0.31666666666666676
1 0.9078125 0.23333333333333353 0.878125 0.2333333333333335 0.878125 0.34444444444444466 0.9078125 0.34444444444444466
1 0.934375 0.28333333333333355 0.90625 0.2833333333333335 0.90625 0.3861111111111113 0.934375 0.3861111111111113
1 0.5828125 0.23888888888888904 0.565625 0.23888888888888904 0.565625 0.3194444444444446 0.5828125 0.3194444444444446
1 0.8390625 0.21111111111111128 0.8234375 0.21111111111111128 0.8234375 0.2444444444444446 0.8390625 0.2444444444444446
1 0.6234375 0.20000000000000015 0.6078125 0.20000000000000015 0.6078125 0.24166666666666684 0.6234375 0.24166666666666684
1 0.8453125 0.23888888888888904 0.821875 0.23888888888888904 0.821875 0.3194444444444446 0.8453125 0.3194444444444446
1 0.4875 0.2583333333333334 0.4640625 0.2583333333333334 0.4640625 0.3222222222222223 0.4875 0.3222222222222223
1 0.4421875 0.2361111111111112 0.421875 0.2361111111111112 0.421875 0.2972222222222223 0.4421875 0.2972222222222223
1 0.5296875 0.20000000000000007 0.5109375 0.20000000000000007 0.5109375 0.24444444444444452 0.5296875 0.24444444444444452
1 0.58125 0.21388888888888904 0.5609375 0.21388888888888904 0.5609375 0.24166666666666684 0.58125 0.24166666666666684
1 0.6640625 0.30000000000000016 0.640625 0.30000000000000016 0.640625 0.41388888888888903 0.6640625 0.41388888888888903
1 0.721875 0.20000000000000015 0.7046875 0.20000000000000015 0.7046875 0.2444444444444446 0.721875 0.2444444444444446