1 0.15390625 0.3953125 0.04453125 0.14609375
1 0.2109375 0.3640625 0.0484375 0.16875
1 0.2421875 0.36328125 0.0265625 0.14296875
1 0.41015625 0.47265625 0.0421875 0.21875
1 0.44609375 0.48671875 0.025 0.17265625
0 0.41796875 0.42421875 0.0296875 0.05546875
1 0.45546875 0.34609375 0.04296875 0.13046875
1 0.5109375 0.30703125 0.0328125 0.10859375
1 0.52109375 0.21953125 0.015625 0.05078125
1 0.6859375 0.2984375 0.01875 0.11015625
1 0.690625 0.2296875 0.021875 0.03203125
1 0.71171875 0.22109375 0.01484375 0.04140625
1 0.74921875 0.22109375 0.01796875 0.04375
1 0.91171875 0.2921875 0.02890625 0.1125
1 0.896875 0.2328125 0.02109375 0.0296875