1 0.11953125 0.68359375 0.0734375 0.2953125
0 0.04296875 0.621875 0.05078125 0.0421875
0 0.46640625 0.5328125 0.01328125 0.04765625
0 0.096875 0.64765625 0.03125 0.12578125
0 0.04765625 0.5015625 0.03671875 0.06328125
1 0.06484375 0.46015625 0.059375 0.2140625
1 0.1890625 0.4046875 0.04453125 0.09765625
1 0.1703125 0.34765625 0.03046875 0.13515625
1 0.19453125 0.32578125 0.02421875 0.09140625
1 0.21953125 0.328125 0.0234375 0.12421875
1 0.234375 0.3109375 0.025 0.1375
1 0.24375 0.3046875 0.01484375 0.11484375
1 0.28671875 0.30078125 0.03515625 0.0671875
1 0.1484375 0.275 0.0125 0.05
1 0.41171875 0.31953125 0.03046875 0.14453125
1 0.44921875 0.31796875 0.02421875 0.12578125
1 0.42109375 0.2265625 0.021875 0.0359375
1 0.43984375 0.50546875 0.0546875 0.23046875
1 0.7796875 0.4875 0.046875 0.1890625
1 0.759375 0.4328125 0.0421875 0.153125
1 0.68359375 0.30703125 0.01640625 0.11640625
1 0.69921875 0.2296875 0.0234375 0.0328125
1 0.8140625 0.22890625 0.0125 0.03671875
1 0.825 0.23203125 0.01640625 0.025
1 0.834375 0.22109375 0.02421875 0.0265625
1 0.8328125 0.278125 0.02421875 0.0875
1 0.865625 0.3 0.02265625 0.09296875
1 0.88046875 0.2953125 0.01640625 0.1015625
1 0.9375 0.28359375 0.034375 0.078125
1 0.984375 0.26640625 0.01953125 0.07578125
1 0.90703125 0.23203125 0.021875 0.03046875