1 0.6609375 0.5416666666666669 0.5640625 0.5416666666666669 0.5640625 0.825 0.6609375 0.825
1 0.07343750000000003 0.33611111111111114 0.02343750000000002 0.33611111111111114 0.02343750000000003 0.5472222222222223 0.07343750000000004 0.5472222222222223
1 0.5265625 0.7527777777777778 0.4203125 0.7527777777777778 0.4203125 1 0.5265625 1
1 0.290625 0.21388888888888896 0.25625 0.21388888888888896 0.25625 0.31666666666666676 0.290625 0.31666666666666676
1 0.428125 0.23888888888888896 0.409375 0.23888888888888896 0.409375 0.288888888888889 0.428125 0.288888888888889
1 0.496875 0.2944444444444445 0.459375 0.2944444444444445 0.459375 0.4500000000000002 0.496875 0.4500000000000002
1 0.65 0.3111111111111113 0.6046875 0.3111111111111113 0.6046875 0.40277777777777796 0.65 0.40277777777777796
1 0.8890625 0.2944444444444446 0.8609375 0.2944444444444446 0.8609375 0.36111111111111127 0.8890625 0.36111111111111127
1 0.359375 0.2666666666666667 0.3375 0.2666666666666667 0.3375 0.313888888888889 0.359375 0.313888888888889
1 0.84375 0.23888888888888904 0.821875 0.23888888888888904 0.821875 0.30000000000000016 0.84375 0.30000000000000016
1 0.5046875 0.28333333333333344 0.478125 0.28333333333333344 0.478125 0.37777777777777793 0.5046875 0.37777777777777793
1 0.4421875 0.21666666666666676 0.4234375 0.21666666666666676 0.4234375 0.25000000000000006 0.4421875 0.25000000000000006
1 0.53125 0.1972222222222223 0.5109375 0.1972222222222223 0.5109375 0.24444444444444452 0.53125 0.24444444444444452
1 0.6578125 0.2333333333333335 0.6296875 0.2333333333333335 0.6296875 0.31388888888888905 0.6578125 0.31388888888888905
1 0.6625 0.2055555555555557 0.65 0.2055555555555557 0.65 0.2444444444444446 0.6625 0.2444444444444446
1 0.8921875 0.24166666666666684 0.8625 0.24166666666666684 0.8625 0.3111111111111113 0.8921875 0.3111111111111113
0 0.70625 0.627777777777778 0.6734375 0.627777777777778 0.6734375 0.6805555555555557 0.70625 0.6805555555555557
0 0.6390625 0.35000000000000014 0.621875 0.35000000000000014 0.621875 0.38333333333333347 0.6390625 0.38333333333333347