1 0.121875 0.68828125 0.08828125 0.3
0 0.1359375 0.64609375 0.03671875 0.1359375
1 0.15546875 0.3734375 0.0390625 0.14921875
1 0.209375 0.3515625 0.0265625 0.1296875
1 0.1890625 0.34609375 0.028125 0.16015625
1 0.2421875 0.30859375 0.021875 0.1203125
1 0.27578125 0.2921875 0.028125 0.053125
1 0.4203125 0.40703125 0.04140625 0.18671875
1 0.52734375 0.27109375 0.0375 0.05546875
1 0.68515625 0.30703125 0.01875 0.11640625
1 0.8296875 0.27421875 0.0234375 0.0859375
1 0.90234375 0.31328125 0.03203125 0.13203125
1 0.975 0.62265625 0.04921875 0.24375
1 0.88671875 0.30859375 0.025 0.09921875
1 0.875 0.29453125 0.02265625 0.09375
1 0.909375 0.22890625 0.01953125 0.0234375
1 0.87109375 0.2296875 0.02578125 0.03828125